----------training errors -------------
[ 0.67111111  0.65333333  0.63333333  0.57888889  0.54333333  0.53777778
  0.49444444  0.48555556  0.48777778  0.48        0.44444444  0.42
  0.40888889  0.41        0.41111111  0.38888889  0.35555556  0.35888889
  0.35        0.35777778  0.34888889  0.35444444  0.32888889  0.31666667
  0.33333333  0.31444444  0.30888889  0.28555556  0.28222222  0.29333333
  0.27222222  0.25        0.24888889  0.24111111  0.25555556  0.23888889
  0.22444444  0.21555556  0.22555556  0.20888889  0.21111111  0.21444444
  0.22333333  0.21        0.18444444  0.17111111  0.19        0.19
  0.18333333  0.17222222  0.16        0.14777778  0.14555556  0.14666667
  0.15444444  0.14777778  0.14555556  0.14666667  0.13222222  0.14
  0.13888889  0.12888889  0.13444444  0.13111111  0.13555556  0.14333333
  0.13444444  0.13555556  0.14444444  0.11222222  0.11666667  0.10777778
  0.10555556  0.09666667  0.09666667  0.09111111  0.10111111  0.09888889
  0.09333333  0.08888889  0.08555556  0.08555556  0.07444444  0.08111111
  0.08111111  0.08        0.07555556  0.07333333  0.07222222  0.07
  0.06888889  0.06333333  0.06        0.06111111  0.06222222  0.07222222
  0.07111111  0.06111111  0.06        0.06333333  0.06333333  0.05777778
  0.05222222  0.05222222  0.05666667  0.06444444  0.06555556  0.05888889
  0.05555556  0.05555556  0.05666667  0.05333333  0.05333333  0.05444444
  0.05666667  0.05444444  0.05444444  0.05333333  0.05111111  0.04777778
  0.05111111  0.05222222  0.05111111  0.04888889  0.04222222  0.04111111
  0.04555556  0.04444444  0.04444444  0.03555556  0.04333333  0.04333333
  0.04666667  0.04222222  0.04111111  0.04555556  0.04666667  0.04444444
  0.04888889  0.04666667  0.04        0.04222222  0.04444444  0.04444444
  0.03888889  0.03888889  0.03888889  0.04111111  0.04111111  0.04
  0.04444444  0.04666667  0.04222222  0.04444444  0.03666667  0.03888889
  0.04222222  0.04111111  0.04555556  0.05        0.04555556  0.04222222
  0.03555556  0.03888889  0.04444444  0.04444444  0.04444444  0.03888889
  0.03333333  0.03        0.03333333  0.03444444  0.03333333  0.03111111
  0.02888889  0.02666667  0.02777778  0.02666667  0.02777778  0.02777778
  0.02111111  0.02444444  0.03        0.02888889  0.02555556  0.02555556
  0.02777778  0.03        0.03        0.03        0.02777778  0.02666667
  0.03111111  0.03222222  0.03222222  0.03222222  0.03        0.03111111
  0.03        0.02888889  0.02888889  0.03222222  0.03333333  0.03111111
  0.02444444  0.02555556  0.02555556  0.02777778  0.02666667  0.02444444
  0.02444444  0.02444444  0.02444444  0.02        0.02        0.02333333
  0.02111111  0.02111111  0.02        0.01888889  0.02        0.02111111
  0.02        0.02111111  0.02333333  0.02222222  0.02111111  0.02111111
  0.01888889  0.01777778  0.02111111  0.02        0.01888889  0.01555556
  0.01666667  0.01888889  0.01888889  0.01777778  0.01888889  0.01888889
  0.01666667  0.01666667  0.01888889  0.01666667  0.01666667  0.01666667
  0.01666667  0.01555556  0.01666667  0.01777778  0.01555556  0.01666667
  0.01888889  0.01888889  0.01888889  0.01777778  0.01555556  0.01555556
  0.01555556  0.01333333  0.01444444  0.01666667  0.01888889  0.01666667
  0.01555556  0.01666667  0.01666667  0.01111111  0.01333333  0.01444444
  0.01444444  0.01555556  0.01777778  0.01777778  0.01555556  0.01777778
  0.01555556  0.01666667  0.01444444  0.01444444  0.01333333  0.01333333
  0.01666667  0.01555556  0.01444444  0.01666667  0.01555556  0.01777778
  0.01555556  0.01444444  0.01555556  0.01666667  0.01444444  0.01555556
  0.01555556  0.01666667  0.01555556  0.01555556  0.01666667  0.01666667
  0.01777778  0.01666667  0.01777778  0.01888889  0.01555556  0.01555556
  0.01666667  0.01666667  0.01777778  0.01777778  0.01777778  0.01777778
  0.01777778  0.01666667  0.01555556  0.01555556  0.01555556  0.01666667
  0.01666667  0.01666667  0.01666667  0.01777778  0.01777778  0.01666667
  0.01555556  0.01555556  0.01555556  0.01555556  0.01444444  0.01555556
  0.01555556  0.01444444  0.01444444  0.01555556  0.01777778  0.01888889
  0.02        0.01888889  0.01888889  0.02        0.01777778  0.01666667
  0.01777778  0.01777778  0.01777778  0.01444444  0.01666667  0.01444444
  0.01555556  0.01444444  0.01555556  0.01555556  0.01555556  0.01444444
  0.01555556  0.01555556  0.01666667  0.01666667  0.01666667  0.01666667
  0.01666667  0.01666667  0.01666667  0.01666667  0.01777778  0.01777778
  0.01777778  0.01666667  0.01444444  0.01666667  0.01666667  0.01777778
  0.01555556  0.01555556  0.01555556  0.01555556  0.01444444  0.01555556
  0.01555556  0.01444444  0.01555556  0.01555556  0.01333333  0.01666667
  0.01666667  0.01777778  0.01333333  0.01555556  0.01444444  0.01666667
  0.01444444  0.01555556  0.01555556  0.01444444  0.01666667  0.01444444
  0.01555556  0.01666667  0.01555556  0.01444444]
----------test errors -------------
[ 0.75  0.76  0.74  0.71  0.68  0.66  0.62  0.63  0.67  0.66  0.63  0.66
  0.63  0.6   0.63  0.65  0.61  0.61  0.61  0.64  0.6   0.62  0.64  0.63
  0.62  0.62  0.62  0.61  0.63  0.64  0.64  0.59  0.59  0.63  0.61  0.59
  0.57  0.55  0.6   0.56  0.56  0.57  0.59  0.57  0.57  0.55  0.54  0.54
  0.55  0.55  0.53  0.52  0.51  0.5   0.5   0.5   0.52  0.52  0.47  0.51
  0.52  0.52  0.54  0.53  0.55  0.55  0.55  0.53  0.55  0.52  0.49  0.52
  0.53  0.52  0.5   0.5   0.51  0.51  0.51  0.52  0.51  0.52  0.5   0.5
  0.49  0.46  0.47  0.48  0.46  0.45  0.47  0.45  0.46  0.48  0.45  0.47
  0.46  0.48  0.48  0.48  0.48  0.49  0.49  0.51  0.47  0.49  0.5   0.49
  0.48  0.5   0.51  0.52  0.52  0.51  0.51  0.5   0.51  0.52  0.51  0.49
  0.48  0.49  0.49  0.5   0.49  0.49  0.48  0.48  0.47  0.47  0.51  0.52
  0.51  0.52  0.5   0.49  0.49  0.51  0.5   0.5   0.48  0.49  0.5   0.5
  0.52  0.51  0.47  0.5   0.5   0.48  0.48  0.51  0.52  0.51  0.51  0.5
  0.51  0.52  0.5   0.51  0.48  0.46  0.47  0.49  0.49  0.5   0.5   0.51
  0.49  0.48  0.47  0.47  0.47  0.46  0.47  0.47  0.49  0.47  0.48  0.48
  0.47  0.46  0.46  0.46  0.46  0.48  0.45  0.47  0.46  0.46  0.43  0.42
  0.45  0.46  0.45  0.45  0.45  0.49  0.48  0.47  0.45  0.46  0.46  0.47
  0.45  0.46  0.46  0.45  0.46  0.46  0.46  0.46  0.47  0.46  0.47  0.46
  0.46  0.45  0.46  0.45  0.44  0.45  0.47  0.45  0.45  0.45  0.45  0.45
  0.46  0.46  0.47  0.46  0.47  0.46  0.46  0.46  0.44  0.43  0.44  0.43
  0.44  0.44  0.41  0.42  0.42  0.43  0.43  0.43  0.43  0.44  0.45  0.45
  0.44  0.45  0.44  0.44  0.45  0.45  0.45  0.45  0.45  0.46  0.45  0.44
  0.43  0.42  0.43  0.42  0.43  0.43  0.43  0.46  0.45  0.44  0.47  0.47
  0.45  0.43  0.42  0.43  0.43  0.44  0.44  0.42  0.43  0.43  0.43  0.42
  0.42  0.43  0.43  0.42  0.41  0.4   0.41  0.42  0.42  0.42  0.4   0.4
  0.42  0.42  0.43  0.44  0.44  0.44  0.43  0.44  0.42  0.42  0.43  0.44
  0.44  0.43  0.44  0.44  0.43  0.43  0.43  0.43  0.42  0.43  0.45  0.46
  0.45  0.45  0.44  0.45  0.44  0.45  0.46  0.47  0.45  0.45  0.44  0.44
  0.44  0.44  0.44  0.45  0.44  0.44  0.46  0.46  0.46  0.46  0.45  0.46
  0.46  0.47  0.47  0.49  0.49  0.49  0.48  0.48  0.47  0.48  0.48  0.48
  0.48  0.48  0.49  0.48  0.48  0.49  0.49  0.5   0.49  0.5   0.49  0.48
  0.47  0.47  0.48  0.47  0.47  0.48  0.48  0.48  0.48  0.48  0.48  0.48
  0.47  0.48  0.47  0.47  0.48  0.47  0.47  0.47  0.47  0.48  0.48  0.48
  0.48  0.48  0.48  0.47]
----------training errors -------------
[ 0.74  0.63  0.61  0.57  0.53  0.49  0.48  0.46  0.48  0.47  0.48  0.44
  0.42  0.43  0.42  0.42  0.46  0.4   0.38  0.38  0.37  0.35  0.39  0.36
  0.36  0.34  0.35  0.37  0.32  0.31  0.32  0.31  0.33  0.29  0.28  0.26
  0.29  0.26  0.25  0.25  0.25  0.24  0.24  0.21  0.21  0.24  0.24  0.22
  0.23  0.22  0.22  0.22  0.2   0.21  0.22  0.21  0.19  0.19  0.17  0.18
  0.17  0.18  0.17  0.16  0.17  0.15  0.14  0.14  0.13  0.13  0.12  0.11
  0.11  0.1   0.11  0.11  0.12  0.1   0.1   0.1   0.1   0.09  0.1   0.11
  0.12  0.11  0.1   0.1   0.09  0.08  0.09  0.09  0.09  0.09  0.08  0.08
  0.07  0.09  0.08  0.07  0.07  0.08  0.08  0.08  0.08  0.08  0.08  0.07
  0.07  0.08  0.07  0.07  0.06  0.06  0.07  0.06  0.06  0.06  0.06  0.05
  0.05  0.06  0.05  0.05  0.05  0.05  0.05  0.05  0.04  0.05  0.05  0.05
  0.05  0.06  0.05  0.05  0.05  0.04  0.05  0.05  0.05  0.04  0.04  0.04
  0.04  0.05  0.04  0.05  0.05  0.05  0.05  0.04  0.04  0.04  0.04  0.04
  0.04  0.04  0.04  0.04  0.04  0.04  0.04  0.04  0.04  0.04  0.03  0.03
  0.04  0.04  0.05  0.05  0.04  0.04  0.04  0.04  0.04  0.04  0.03  0.03
  0.04  0.04  0.03  0.03  0.03  0.04  0.03  0.03  0.03  0.04  0.04  0.03
  0.03  0.03  0.04  0.04  0.04  0.04  0.04  0.04  0.04  0.04  0.04  0.04
  0.04  0.04  0.03  0.03  0.03  0.03  0.03  0.04  0.04  0.04  0.03  0.03
  0.03  0.03  0.03  0.03  0.03  0.03  0.03  0.03  0.03  0.02  0.02  0.02
  0.02  0.02  0.02  0.03  0.03  0.02  0.02  0.02  0.02  0.03  0.02  0.03
  0.03  0.02  0.02  0.02  0.03  0.02  0.03  0.02  0.03  0.03  0.02  0.03
  0.02  0.02  0.02  0.02  0.02  0.02  0.02  0.02  0.02  0.02  0.02  0.02
  0.02  0.02  0.02  0.02  0.02  0.02  0.02  0.02  0.02  0.02  0.02  0.02
  0.02  0.02  0.02  0.02  0.02  0.02  0.02  0.02  0.02  0.02  0.02  0.02
  0.02  0.02  0.02  0.02  0.02  0.02  0.02  0.02  0.01  0.02  0.01  0.01
  0.01  0.01  0.02  0.01  0.01  0.01  0.01  0.01  0.01  0.02  0.02  0.02
  0.02  0.01  0.01  0.02  0.02  0.02  0.02  0.01  0.01  0.01  0.01  0.01
  0.01  0.02  0.01  0.02  0.02  0.01  0.01  0.02  0.02  0.01  0.01  0.01
  0.01  0.02  0.02  0.01  0.01  0.01  0.01  0.01  0.01  0.01  0.01  0.01
  0.01  0.01  0.02  0.02  0.02  0.02  0.01  0.01  0.01  0.01  0.01  0.01
  0.01  0.01  0.01  0.01  0.01  0.01  0.01  0.01  0.01  0.01  0.01  0.01
  0.01  0.01  0.01  0.01  0.01  0.01  0.01  0.01  0.01  0.01  0.01  0.01
  0.01  0.01  0.01  0.01  0.01  0.01  0.01  0.01  0.01  0.01  0.01  0.01
  0.01  0.01  0.01  0.01]
----------test errors -------------
[ 0.77  0.62  0.61  0.6   0.57  0.57  0.59  0.63  0.61  0.63  0.6   0.57
  0.59  0.61  0.59  0.6   0.6   0.56  0.53  0.54  0.56  0.56  0.59  0.56
  0.57  0.56  0.56  0.57  0.56  0.55  0.56  0.57  0.57  0.52  0.51  0.49
  0.5   0.47  0.48  0.5   0.51  0.49  0.48  0.5   0.5   0.5   0.5   0.51
  0.53  0.51  0.49  0.49  0.5   0.5   0.5   0.49  0.51  0.5   0.49  0.49
  0.48  0.5   0.47  0.48  0.47  0.47  0.49  0.49  0.47  0.46  0.48  0.43
  0.43  0.41  0.4   0.41  0.44  0.42  0.42  0.41  0.42  0.41  0.42  0.42
  0.41  0.39  0.39  0.39  0.38  0.37  0.38  0.39  0.4   0.39  0.41  0.42
  0.41  0.43  0.43  0.39  0.39  0.39  0.4   0.37  0.37  0.38  0.39  0.38
  0.38  0.39  0.39  0.39  0.37  0.37  0.37  0.38  0.38  0.4   0.4   0.4
  0.4   0.39  0.39  0.38  0.39  0.4   0.4   0.39  0.4   0.41  0.42  0.43
  0.43  0.43  0.43  0.41  0.41  0.41  0.43  0.42  0.4   0.39  0.4   0.41
  0.4   0.39  0.38  0.39  0.4   0.4   0.41  0.38  0.38  0.38  0.41  0.4
  0.4   0.41  0.42  0.4   0.38  0.39  0.37  0.37  0.38  0.37  0.39  0.36
  0.35  0.36  0.37  0.36  0.36  0.36  0.35  0.36  0.36  0.36  0.36  0.37
  0.37  0.37  0.38  0.38  0.36  0.39  0.39  0.39  0.39  0.4   0.41  0.4
  0.4   0.39  0.4   0.39  0.39  0.38  0.39  0.37  0.38  0.38  0.37  0.38
  0.37  0.38  0.39  0.38  0.37  0.37  0.38  0.38  0.36  0.38  0.37  0.37
  0.38  0.37  0.37  0.34  0.35  0.36  0.37  0.36  0.34  0.33  0.34  0.34
  0.34  0.34  0.33  0.33  0.33  0.33  0.33  0.34  0.35  0.35  0.34  0.34
  0.34  0.33  0.33  0.33  0.32  0.33  0.34  0.32  0.31  0.31  0.32  0.33
  0.31  0.32  0.32  0.31  0.31  0.31  0.31  0.31  0.31  0.32  0.32  0.31
  0.31  0.31  0.31  0.31  0.3   0.3   0.31  0.32  0.3   0.31  0.31  0.31
  0.33  0.33  0.33  0.33  0.32  0.33  0.32  0.32  0.32  0.32  0.32  0.32
  0.34  0.32  0.32  0.34  0.34  0.34  0.33  0.32  0.31  0.31  0.31  0.33
  0.32  0.33  0.32  0.34  0.34  0.34  0.32  0.32  0.32  0.32  0.33  0.32
  0.33  0.33  0.33  0.34  0.33  0.34  0.34  0.34  0.34  0.35  0.35  0.36
  0.34  0.33  0.33  0.33  0.34  0.34  0.34  0.35  0.36  0.34  0.35  0.35
  0.35  0.35  0.35  0.36  0.36  0.37  0.37  0.36  0.37  0.37  0.36  0.35
  0.36  0.36  0.37  0.37  0.37  0.36  0.36  0.37  0.36  0.35  0.35  0.34
  0.34  0.35  0.36  0.36  0.36  0.37  0.38  0.38  0.38  0.39  0.39  0.36
  0.36  0.36  0.36  0.36  0.36  0.36  0.36  0.37  0.36  0.36  0.36  0.36
  0.36  0.36  0.36  0.36  0.37  0.37  0.37  0.37  0.39  0.39  0.4   0.4
  0.39  0.38  0.36  0.37]
----------training errors -------------
[ 0.72  0.65  0.64  0.58  0.53  0.53  0.5   0.47  0.51  0.48  0.46  0.43
  0.42  0.43  0.42  0.44  0.41  0.36  0.36  0.34  0.36  0.35  0.34  0.33
  0.34  0.31  0.29  0.3   0.29  0.29  0.26  0.23  0.23  0.23  0.24  0.24
  0.23  0.22  0.2   0.21  0.2   0.21  0.19  0.21  0.18  0.18  0.16  0.16
  0.16  0.16  0.14  0.14  0.15  0.14  0.13  0.13  0.15  0.14  0.13  0.14
  0.14  0.14  0.12  0.13  0.13  0.12  0.1   0.1   0.1   0.11  0.1   0.1
  0.1   0.1   0.11  0.1   0.1   0.09  0.1   0.09  0.09  0.09  0.08  0.08
  0.08  0.08  0.08  0.07  0.07  0.08  0.08  0.07  0.08  0.08  0.07  0.07
  0.06  0.07  0.07  0.06  0.06  0.05  0.06  0.06  0.06  0.06  0.05  0.05
  0.05  0.05  0.04  0.05  0.05  0.05  0.05  0.05  0.05  0.05  0.05  0.05
  0.05  0.04  0.04  0.05  0.04  0.04  0.04  0.04  0.04  0.04  0.03  0.04
  0.04  0.04  0.04  0.03  0.04  0.04  0.04  0.04  0.04  0.04  0.04  0.04
  0.04  0.04  0.03  0.03  0.03  0.03  0.03  0.03  0.03  0.03  0.03  0.03
  0.03  0.03  0.03  0.03  0.03  0.03  0.03  0.03  0.03  0.03  0.03  0.03
  0.03  0.03  0.03  0.03  0.03  0.03  0.03  0.03  0.03  0.03  0.03  0.04
  0.04  0.04  0.04  0.03  0.03  0.03  0.03  0.03  0.03  0.03  0.03  0.03
  0.03  0.03  0.03  0.03  0.03  0.03  0.03  0.03  0.03  0.03  0.03  0.03
  0.03  0.02  0.02  0.02  0.02  0.02  0.02  0.02  0.02  0.02  0.02  0.02
  0.02  0.02  0.02  0.02  0.02  0.02  0.02  0.02  0.02  0.02  0.02  0.02
  0.02  0.02  0.02  0.03  0.02  0.02  0.02  0.02  0.02  0.02  0.02  0.02
  0.02  0.01  0.01  0.02  0.02  0.01  0.01  0.02  0.02  0.02  0.02  0.02
  0.02  0.02  0.02  0.02  0.02  0.02  0.02  0.02  0.02  0.02  0.02  0.02
  0.02  0.02  0.02  0.02  0.02  0.02  0.02  0.01  0.01  0.01  0.02  0.02
  0.02  0.02  0.02  0.02  0.02  0.01  0.02  0.02  0.02  0.02  0.02  0.01
  0.02  0.02  0.01  0.01  0.01  0.01  0.01  0.02  0.02  0.02  0.02  0.02
  0.01  0.01  0.01  0.01  0.01  0.01  0.02  0.02  0.02  0.01  0.02  0.01
  0.01  0.02  0.02  0.01  0.02  0.02  0.02  0.02  0.01  0.01  0.01  0.01
  0.01  0.01  0.01  0.01  0.01  0.01  0.01  0.01  0.01  0.01  0.01  0.01
  0.01  0.01  0.01  0.01  0.01  0.01  0.01  0.01  0.01  0.01  0.01  0.01
  0.01  0.01  0.01  0.01  0.01  0.01  0.01  0.01  0.01  0.01  0.01  0.01
  0.01  0.01  0.01  0.01  0.01  0.01  0.01  0.01  0.01  0.01  0.01  0.01
  0.01  0.01  0.01  0.01  0.01  0.01  0.01  0.01  0.01  0.01  0.01  0.01
  0.01  0.01  0.01  0.01  0.01  0.01  0.01  0.01  0.01  0.01  0.01  0.01
  0.01  0.01  0.01  0.01]
----------test errors -------------
[ 0.85  0.72  0.76  0.71  0.7   0.74  0.71  0.71  0.74  0.68  0.66  0.68
  0.7   0.66  0.67  0.65  0.62  0.62  0.61  0.62  0.62  0.62  0.65  0.58
  0.58  0.6   0.57  0.57  0.57  0.57  0.56  0.55  0.54  0.55  0.57  0.57
  0.56  0.57  0.58  0.56  0.55  0.55  0.55  0.58  0.57  0.56  0.55  0.54
  0.55  0.56  0.56  0.57  0.59  0.57  0.58  0.58  0.58  0.56  0.55  0.56
  0.57  0.57  0.56  0.59  0.58  0.59  0.59  0.58  0.57  0.53  0.51  0.51
  0.53  0.54  0.53  0.53  0.52  0.51  0.56  0.56  0.55  0.55  0.55  0.55
  0.54  0.55  0.55  0.54  0.52  0.53  0.51  0.5   0.51  0.52  0.54  0.56
  0.53  0.52  0.52  0.53  0.53  0.52  0.54  0.53  0.55  0.54  0.53  0.52
  0.53  0.52  0.51  0.55  0.53  0.53  0.54  0.53  0.53  0.55  0.53  0.52
  0.5   0.48  0.49  0.5   0.5   0.51  0.49  0.51  0.49  0.5   0.49  0.49
  0.49  0.51  0.5   0.5   0.5   0.48  0.48  0.48  0.48  0.49  0.5   0.49
  0.5   0.49  0.5   0.52  0.51  0.51  0.51  0.51  0.5   0.49  0.5   0.5
  0.5   0.52  0.51  0.52  0.51  0.5   0.51  0.51  0.5   0.5   0.52  0.51
  0.48  0.48  0.49  0.49  0.48  0.48  0.51  0.51  0.51  0.51  0.51  0.53
  0.53  0.53  0.51  0.53  0.54  0.54  0.54  0.51  0.5   0.5   0.49  0.48
  0.49  0.49  0.49  0.5   0.49  0.48  0.49  0.5   0.5   0.5   0.5   0.51
  0.49  0.5   0.49  0.49  0.49  0.49  0.49  0.5   0.5   0.48  0.48  0.48
  0.49  0.5   0.5   0.5   0.45  0.48  0.5   0.5   0.49  0.47  0.48  0.5
  0.51  0.51  0.51  0.49  0.5   0.51  0.5   0.49  0.49  0.48  0.49  0.48
  0.5   0.5   0.48  0.48  0.5   0.5   0.49  0.5   0.51  0.51  0.51  0.5
  0.51  0.51  0.51  0.52  0.51  0.51  0.5   0.53  0.52  0.51  0.51  0.51
  0.52  0.49  0.49  0.5   0.5   0.52  0.48  0.48  0.48  0.49  0.49  0.49
  0.5   0.5   0.51  0.52  0.52  0.52  0.53  0.49  0.48  0.48  0.48  0.49
  0.47  0.47  0.49  0.48  0.48  0.51  0.5   0.51  0.5   0.5   0.5   0.49
  0.51  0.51  0.52  0.52  0.51  0.51  0.49  0.49  0.5   0.5   0.5   0.5
  0.49  0.48  0.49  0.48  0.5   0.49  0.49  0.5   0.5   0.5   0.49  0.5
  0.5   0.49  0.48  0.48  0.48  0.49  0.5   0.51  0.51  0.51  0.5   0.5
  0.51  0.52  0.52  0.5   0.52  0.51  0.51  0.52  0.5   0.5   0.49  0.5
  0.49  0.49  0.5   0.49  0.48  0.48  0.48  0.49  0.5   0.49  0.49  0.49
  0.49  0.49  0.47  0.48  0.48  0.49  0.47  0.47  0.46  0.48  0.48  0.48
  0.48  0.47  0.48  0.49  0.48  0.47  0.47  0.5   0.49  0.5   0.5   0.47
  0.48  0.48  0.49  0.49  0.5   0.5   0.48  0.48  0.48  0.49  0.49  0.49
  0.49  0.49  0.5   0.5 ]
----------training errors -------------
[ 0.73  0.67  0.66  0.62  0.53  0.56  0.53  0.49  0.49  0.52  0.53  0.47
  0.43  0.42  0.39  0.38  0.36  0.34  0.34  0.32  0.34  0.34  0.33  0.34
  0.3   0.29  0.28  0.27  0.29  0.28  0.26  0.27  0.25  0.26  0.25  0.26
  0.24  0.22  0.24  0.22  0.22  0.2   0.21  0.21  0.21  0.2   0.2   0.19
  0.2   0.19  0.19  0.2   0.19  0.17  0.16  0.15  0.15  0.15  0.14  0.14
  0.13  0.12  0.13  0.12  0.12  0.12  0.13  0.13  0.13  0.13  0.12  0.12
  0.12  0.12  0.1   0.09  0.1   0.09  0.1   0.1   0.09  0.1   0.1   0.09
  0.09  0.09  0.08  0.08  0.07  0.08  0.09  0.08  0.09  0.09  0.08  0.07
  0.06  0.07  0.07  0.07  0.07  0.07  0.07  0.06  0.06  0.06  0.07  0.07
  0.07  0.06  0.07  0.06  0.06  0.06  0.06  0.05  0.05  0.06  0.05  0.05
  0.06  0.06  0.06  0.06  0.06  0.06  0.06  0.06  0.06  0.05  0.05  0.05
  0.05  0.05  0.05  0.04  0.04  0.04  0.04  0.04  0.04  0.04  0.03  0.04
  0.04  0.03  0.03  0.03  0.04  0.04  0.04  0.04  0.04  0.04  0.03  0.03
  0.03  0.03  0.03  0.03  0.03  0.03  0.03  0.03  0.03  0.03  0.03  0.03
  0.03  0.03  0.03  0.03  0.03  0.04  0.03  0.03  0.03  0.03  0.03  0.03
  0.02  0.03  0.02  0.03  0.02  0.02  0.03  0.03  0.03  0.03  0.03  0.03
  0.03  0.03  0.03  0.03  0.02  0.02  0.02  0.02  0.02  0.02  0.02  0.03
  0.02  0.02  0.02  0.02  0.02  0.02  0.03  0.03  0.02  0.02  0.02  0.02
  0.02  0.02  0.02  0.02  0.02  0.02  0.02  0.02  0.02  0.02  0.02  0.02
  0.02  0.02  0.02  0.02  0.02  0.02  0.02  0.02  0.02  0.02  0.02  0.02
  0.02  0.02  0.02  0.02  0.02  0.02  0.02  0.01  0.02  0.02  0.02  0.02
  0.02  0.01  0.01  0.01  0.01  0.01  0.01  0.01  0.02  0.01  0.01  0.02
  0.02  0.01  0.01  0.01  0.02  0.02  0.02  0.02  0.02  0.02  0.02  0.01
  0.01  0.01  0.01  0.01  0.01  0.02  0.02  0.01  0.01  0.01  0.01  0.01
  0.01  0.01  0.01  0.01  0.02  0.01  0.01  0.01  0.01  0.01  0.01  0.01
  0.02  0.01  0.01  0.01  0.01  0.01  0.01  0.01  0.01  0.01  0.01  0.01
  0.01  0.01  0.01  0.01  0.01  0.01  0.01  0.01  0.01  0.01  0.01  0.01
  0.01  0.01  0.01  0.01  0.01  0.01  0.01  0.01  0.01  0.01  0.01  0.01
  0.01  0.01  0.01  0.01  0.01  0.01  0.01  0.01  0.01  0.01  0.01  0.01
  0.01  0.01  0.01  0.01  0.01  0.01  0.01  0.01  0.01  0.01  0.01  0.01
  0.01  0.01  0.01  0.01  0.01  0.01  0.01  0.01  0.01  0.01  0.01  0.01
  0.01  0.01  0.01  0.01  0.01  0.01  0.01  0.01  0.01  0.01  0.01  0.01
  0.01  0.01  0.01  0.01  0.01  0.01  0.01  0.01  0.01  0.01  0.01  0.01
  0.01  0.01  0.01  0.01]
----------test errors -------------
[ 0.82  0.67  0.7   0.7   0.62  0.66  0.64  0.59  0.59  0.67  0.65  0.64
  0.55  0.55  0.53  0.55  0.55  0.53  0.54  0.55  0.58  0.52  0.56  0.57
  0.52  0.53  0.55  0.52  0.55  0.54  0.51  0.54  0.52  0.48  0.47  0.46
  0.49  0.51  0.53  0.53  0.53  0.54  0.53  0.48  0.48  0.5   0.51  0.5
  0.51  0.48  0.5   0.46  0.46  0.49  0.47  0.46  0.46  0.47  0.48  0.5
  0.5   0.49  0.51  0.5   0.49  0.49  0.47  0.49  0.5   0.5   0.53  0.49
  0.49  0.49  0.49  0.47  0.47  0.47  0.46  0.46  0.45  0.46  0.48  0.47
  0.47  0.45  0.46  0.47  0.46  0.46  0.45  0.46  0.46  0.44  0.43  0.43
  0.42  0.44  0.44  0.44  0.44  0.45  0.44  0.45  0.48  0.46  0.45  0.46
  0.45  0.46  0.46  0.44  0.44  0.44  0.45  0.45  0.43  0.42  0.4   0.42
  0.41  0.43  0.45  0.44  0.43  0.43  0.42  0.42  0.42  0.43  0.43  0.44
  0.45  0.44  0.43  0.43  0.45  0.44  0.44  0.42  0.4   0.42  0.4   0.41
  0.41  0.39  0.41  0.4   0.41  0.43  0.43  0.42  0.41  0.42  0.42  0.41
  0.42  0.42  0.41  0.4   0.39  0.39  0.41  0.4   0.39  0.4   0.4   0.4
  0.4   0.39  0.38  0.38  0.38  0.4   0.39  0.39  0.39  0.4   0.4   0.4
  0.39  0.39  0.38  0.38  0.38  0.37  0.38  0.38  0.4   0.4   0.39  0.38
  0.39  0.39  0.37  0.37  0.38  0.38  0.38  0.38  0.39  0.38  0.38  0.38
  0.38  0.38  0.38  0.38  0.38  0.39  0.39  0.39  0.39  0.39  0.39  0.4
  0.39  0.39  0.39  0.38  0.38  0.39  0.39  0.37  0.37  0.37  0.39  0.38
  0.38  0.38  0.38  0.39  0.39  0.39  0.39  0.39  0.39  0.4   0.4   0.4
  0.4   0.4   0.4   0.4   0.4   0.4   0.4   0.4   0.4   0.4   0.4   0.4
  0.4   0.39  0.38  0.39  0.38  0.39  0.39  0.39  0.38  0.39  0.38  0.38
  0.38  0.4   0.38  0.41  0.4   0.41  0.41  0.4   0.42  0.41  0.41  0.42
  0.42  0.42  0.41  0.4   0.4   0.4   0.4   0.4   0.39  0.39  0.39  0.39
  0.39  0.38  0.38  0.38  0.38  0.39  0.38  0.39  0.4   0.39  0.4   0.4
  0.4   0.4   0.42  0.41  0.41  0.41  0.41  0.4   0.4   0.4   0.4   0.4
  0.4   0.4   0.4   0.4   0.4   0.41  0.41  0.4   0.4   0.39  0.39  0.41
  0.4   0.39  0.39  0.4   0.4   0.41  0.42  0.4   0.4   0.4   0.38  0.38
  0.38  0.38  0.39  0.39  0.38  0.38  0.4   0.4   0.39  0.39  0.39  0.4
  0.41  0.4   0.4   0.39  0.39  0.39  0.38  0.38  0.38  0.39  0.39  0.39
  0.39  0.38  0.38  0.38  0.38  0.37  0.37  0.37  0.38  0.38  0.38  0.38
  0.38  0.38  0.38  0.38  0.37  0.38  0.37  0.36  0.36  0.36  0.37  0.36
  0.36  0.37  0.37  0.36  0.36  0.37  0.37  0.38  0.38  0.37  0.37  0.36
  0.35  0.36  0.37  0.36]
----------training errors -------------
[ 0.68  0.65  0.64  0.6   0.54  0.52  0.48  0.48  0.51  0.47  0.46  0.43
  0.44  0.44  0.44  0.44  0.41  0.39  0.35  0.35  0.36  0.38  0.37  0.37
  0.37  0.36  0.35  0.33  0.34  0.32  0.3   0.32  0.32  0.29  0.27  0.26
  0.24  0.24  0.24  0.23  0.23  0.24  0.24  0.21  0.18  0.19  0.19  0.19
  0.19  0.18  0.16  0.18  0.17  0.18  0.18  0.18  0.17  0.17  0.16  0.18
  0.16  0.18  0.16  0.17  0.15  0.15  0.16  0.15  0.14  0.12  0.12  0.13
  0.12  0.11  0.1   0.11  0.11  0.11  0.1   0.1   0.1   0.1   0.1   0.1
  0.1   0.11  0.1   0.1   0.09  0.1   0.1   0.09  0.1   0.1   0.09  0.09
  0.09  0.09  0.09  0.08  0.08  0.07  0.07  0.07  0.07  0.07  0.07  0.07
  0.07  0.07  0.06  0.07  0.06  0.07  0.07  0.07  0.07  0.07  0.07  0.07
  0.06  0.06  0.06  0.06  0.06  0.06  0.06  0.05  0.05  0.05  0.05  0.06
  0.06  0.05  0.05  0.05  0.05  0.06  0.06  0.05  0.06  0.05  0.06  0.05
  0.05  0.05  0.05  0.05  0.04  0.05  0.05  0.05  0.05  0.04  0.04  0.04
  0.04  0.04  0.04  0.04  0.04  0.04  0.04  0.04  0.04  0.04  0.04  0.04
  0.04  0.03  0.03  0.04  0.03  0.03  0.03  0.03  0.04  0.04  0.04  0.04
  0.04  0.04  0.04  0.04  0.04  0.04  0.04  0.03  0.04  0.03  0.04  0.03
  0.04  0.04  0.04  0.04  0.04  0.04  0.04  0.03  0.03  0.03  0.03  0.03
  0.03  0.03  0.03  0.03  0.03  0.03  0.03  0.03  0.03  0.03  0.03  0.03
  0.03  0.03  0.03  0.03  0.03  0.03  0.03  0.03  0.03  0.03  0.03  0.02
  0.02  0.02  0.03  0.03  0.03  0.03  0.03  0.03  0.03  0.03  0.03  0.03
  0.02  0.02  0.02  0.02  0.02  0.02  0.03  0.02  0.02  0.02  0.02  0.02
  0.02  0.02  0.02  0.02  0.02  0.02  0.02  0.02  0.02  0.02  0.02  0.03
  0.03  0.02  0.02  0.03  0.02  0.02  0.02  0.03  0.02  0.02  0.02  0.02
  0.02  0.02  0.02  0.02  0.02  0.01  0.02  0.02  0.02  0.02  0.02  0.02
  0.02  0.02  0.02  0.02  0.02  0.02  0.02  0.02  0.02  0.02  0.02  0.02
  0.02  0.02  0.02  0.01  0.01  0.01  0.01  0.01  0.01  0.01  0.02  0.01
  0.01  0.02  0.02  0.02  0.01  0.01  0.01  0.01  0.01  0.01  0.02  0.02
  0.01  0.01  0.01  0.01  0.01  0.01  0.01  0.01  0.01  0.01  0.01  0.01
  0.01  0.01  0.01  0.01  0.01  0.01  0.01  0.01  0.01  0.01  0.01  0.01
  0.02  0.01  0.01  0.01  0.01  0.01  0.01  0.01  0.01  0.01  0.01  0.01
  0.01  0.01  0.01  0.01  0.01  0.01  0.01  0.01  0.01  0.01  0.01  0.01
  0.01  0.01  0.01  0.01  0.01  0.01  0.01  0.01  0.01  0.01  0.01  0.01
  0.01  0.01  0.01  0.01  0.01  0.01  0.01  0.01  0.01  0.01  0.01  0.01
  0.01  0.01  0.01  0.01]
----------test errors -------------
[ 0.73  0.68  0.7   0.66  0.57  0.61  0.67  0.59  0.57  0.59  0.57  0.57
  0.54  0.58  0.6   0.58  0.56  0.59  0.57  0.55  0.54  0.54  0.55  0.51
  0.52  0.52  0.49  0.51  0.52  0.55  0.53  0.57  0.56  0.55  0.52  0.53
  0.5   0.51  0.5   0.52  0.49  0.48  0.5   0.53  0.5   0.49  0.51  0.54
  0.47  0.42  0.45  0.51  0.51  0.53  0.54  0.54  0.48  0.46  0.49  0.49
  0.49  0.5   0.49  0.51  0.5   0.49  0.53  0.5   0.46  0.49  0.48  0.46
  0.5   0.5   0.51  0.5   0.48  0.45  0.46  0.47  0.46  0.49  0.48  0.48
  0.49  0.5   0.49  0.49  0.49  0.46  0.46  0.46  0.47  0.47  0.47  0.42
  0.46  0.45  0.45  0.44  0.44  0.45  0.46  0.45  0.46  0.48  0.45  0.44
  0.44  0.44  0.47  0.46  0.45  0.46  0.47  0.48  0.46  0.46  0.46  0.46
  0.46  0.45  0.44  0.45  0.44  0.43  0.42  0.44  0.44  0.45  0.45  0.45
  0.45  0.42  0.42  0.43  0.46  0.45  0.46  0.48  0.45  0.44  0.43  0.46
  0.45  0.46  0.44  0.43  0.45  0.44  0.42  0.43  0.42  0.4   0.4   0.39
  0.39  0.4   0.4   0.41  0.4   0.4   0.39  0.4   0.39  0.38  0.42  0.4
  0.4   0.43  0.4   0.4   0.41  0.42  0.42  0.41  0.4   0.4   0.41  0.4
  0.4   0.4   0.4   0.39  0.4   0.41  0.4   0.4   0.41  0.41  0.42  0.42
  0.43  0.43  0.43  0.43  0.43  0.43  0.42  0.42  0.42  0.41  0.42  0.41
  0.42  0.42  0.41  0.4   0.4   0.42  0.42  0.41  0.41  0.41  0.41  0.41
  0.42  0.41  0.42  0.42  0.42  0.41  0.39  0.4   0.4   0.41  0.41  0.42
  0.42  0.42  0.42  0.42  0.42  0.42  0.42  0.42  0.4   0.41  0.41  0.41
  0.43  0.43  0.42  0.42  0.41  0.43  0.44  0.41  0.42  0.43  0.43  0.41
  0.41  0.4   0.4   0.4   0.4   0.42  0.42  0.42  0.42  0.43  0.43  0.42
  0.42  0.43  0.43  0.42  0.42  0.42  0.42  0.41  0.42  0.41  0.4   0.39
  0.38  0.38  0.38  0.37  0.38  0.39  0.4   0.39  0.39  0.4   0.4   0.39
  0.4   0.4   0.39  0.39  0.38  0.39  0.39  0.38  0.38  0.38  0.37  0.37
  0.37  0.37  0.37  0.38  0.38  0.39  0.38  0.39  0.39  0.38  0.38  0.38
  0.38  0.38  0.39  0.38  0.41  0.4   0.4   0.4   0.38  0.38  0.37  0.39
  0.39  0.38  0.38  0.38  0.38  0.38  0.38  0.4   0.38  0.39  0.39  0.38
  0.39  0.4   0.41  0.41  0.41  0.41  0.4   0.41  0.41  0.4   0.4   0.4
  0.41  0.4   0.4   0.39  0.41  0.4   0.41  0.41  0.41  0.42  0.41  0.41
  0.41  0.4   0.4   0.4   0.41  0.39  0.38  0.41  0.41  0.41  0.41  0.41
  0.39  0.39  0.38  0.4   0.39  0.4   0.4   0.41  0.41  0.4   0.4   0.38
  0.39  0.39  0.41  0.4   0.4   0.4   0.4   0.4   0.38  0.39  0.39  0.39
  0.38  0.38  0.41  0.41]
----------training errors -------------
[ 0.7   0.63  0.6   0.54  0.54  0.52  0.48  0.47  0.45  0.44  0.44  0.46
  0.44  0.41  0.38  0.36  0.36  0.37  0.37  0.37  0.34  0.34  0.33  0.32
  0.31  0.32  0.3   0.29  0.27  0.26  0.28  0.25  0.27  0.26  0.26  0.26
  0.24  0.23  0.21  0.2   0.21  0.2   0.2   0.2   0.18  0.17  0.17  0.17
  0.18  0.17  0.15  0.16  0.16  0.16  0.16  0.15  0.15  0.14  0.15  0.14
  0.13  0.13  0.13  0.12  0.13  0.13  0.13  0.11  0.12  0.11  0.11  0.11
  0.11  0.11  0.1   0.09  0.09  0.08  0.08  0.09  0.1   0.08  0.09  0.09
  0.08  0.09  0.08  0.08  0.09  0.09  0.09  0.09  0.07  0.07  0.08  0.08
  0.07  0.07  0.06  0.07  0.08  0.08  0.08  0.07  0.07  0.07  0.07  0.06
  0.07  0.07  0.06  0.06  0.06  0.06  0.06  0.05  0.05  0.05  0.05  0.04
  0.05  0.05  0.06  0.05  0.05  0.05  0.05  0.05  0.05  0.05  0.04  0.04
  0.05  0.05  0.05  0.04  0.04  0.05  0.05  0.05  0.04  0.04  0.05  0.05
  0.05  0.05  0.05  0.05  0.05  0.04  0.05  0.04  0.04  0.04  0.05  0.04
  0.04  0.05  0.04  0.05  0.05  0.04  0.04  0.04  0.04  0.04  0.04  0.04
  0.04  0.04  0.04  0.03  0.04  0.04  0.04  0.03  0.03  0.04  0.03  0.03
  0.03  0.03  0.03  0.03  0.03  0.03  0.03  0.03  0.04  0.03  0.03  0.03
  0.03  0.03  0.03  0.03  0.03  0.03  0.03  0.04  0.03  0.03  0.03  0.03
  0.03  0.04  0.03  0.04  0.03  0.04  0.04  0.03  0.03  0.03  0.03  0.03
  0.03  0.03  0.03  0.03  0.03  0.03  0.03  0.03  0.03  0.03  0.03  0.03
  0.03  0.03  0.02  0.02  0.02  0.03  0.03  0.03  0.03  0.03  0.03  0.02
  0.02  0.02  0.02  0.02  0.02  0.02  0.02  0.02  0.02  0.02  0.02  0.02
  0.02  0.02  0.02  0.02  0.02  0.02  0.02  0.02  0.02  0.02  0.02  0.02
  0.02  0.02  0.02  0.02  0.02  0.02  0.02  0.02  0.02  0.02  0.02  0.02
  0.02  0.02  0.02  0.02  0.02  0.02  0.02  0.02  0.02  0.02  0.02  0.02
  0.02  0.02  0.02  0.02  0.02  0.02  0.02  0.02  0.02  0.02  0.02  0.02
  0.02  0.02  0.02  0.02  0.02  0.02  0.02  0.02  0.02  0.02  0.02  0.02
  0.02  0.02  0.02  0.02  0.02  0.02  0.02  0.01  0.01  0.02  0.02  0.02
  0.02  0.01  0.02  0.01  0.01  0.01  0.01  0.01  0.01  0.01  0.01  0.01
  0.01  0.01  0.01  0.01  0.01  0.01  0.01  0.01  0.01  0.01  0.01  0.02
  0.02  0.02  0.02  0.02  0.01  0.01  0.01  0.01  0.01  0.01  0.01  0.01
  0.01  0.02  0.02  0.02  0.01  0.01  0.02  0.02  0.01  0.01  0.01  0.01
  0.01  0.01  0.01  0.01  0.01  0.01  0.01  0.01  0.01  0.01  0.01  0.01
  0.01  0.01  0.02  0.01  0.01  0.01  0.01  0.01  0.01  0.01  0.01  0.01
  0.01  0.01  0.01  0.01]
----------test errors -------------
[ 0.83  0.71  0.62  0.59  0.66  0.61  0.57  0.6   0.6   0.65  0.61  0.58
  0.56  0.58  0.58  0.56  0.57  0.56  0.56  0.56  0.57  0.56  0.55  0.56
  0.57  0.57  0.59  0.55  0.54  0.56  0.57  0.57  0.54  0.55  0.54  0.54
  0.54  0.55  0.54  0.56  0.57  0.56  0.55  0.54  0.56  0.55  0.56  0.55
  0.52  0.51  0.48  0.5   0.5   0.54  0.54  0.53  0.52  0.52  0.53  0.55
  0.53  0.52  0.52  0.54  0.55  0.54  0.54  0.55  0.56  0.56  0.55  0.53
  0.52  0.54  0.54  0.55  0.55  0.53  0.52  0.52  0.52  0.51  0.52  0.53
  0.53  0.53  0.52  0.53  0.56  0.55  0.53  0.5   0.48  0.51  0.54  0.54
  0.53  0.54  0.52  0.51  0.53  0.53  0.53  0.54  0.56  0.53  0.53  0.53
  0.53  0.5   0.51  0.54  0.55  0.54  0.55  0.55  0.55  0.53  0.56  0.55
  0.55  0.55  0.53  0.53  0.51  0.51  0.51  0.47  0.49  0.5   0.49  0.49
  0.51  0.51  0.51  0.5   0.48  0.5   0.51  0.5   0.5   0.52  0.51  0.49
  0.48  0.5   0.49  0.5   0.5   0.49  0.51  0.52  0.54  0.52  0.5   0.5
  0.49  0.49  0.48  0.48  0.48  0.48  0.49  0.49  0.5   0.49  0.49  0.49
  0.49  0.48  0.48  0.48  0.48  0.49  0.49  0.47  0.48  0.48  0.48  0.48
  0.48  0.47  0.48  0.47  0.47  0.47  0.47  0.48  0.48  0.48  0.48  0.48
  0.48  0.47  0.47  0.47  0.46  0.47  0.47  0.46  0.46  0.47  0.47  0.48
  0.47  0.48  0.48  0.47  0.48  0.47  0.48  0.47  0.48  0.48  0.49  0.49
  0.49  0.49  0.49  0.51  0.51  0.52  0.5   0.52  0.53  0.52  0.52  0.49
  0.5   0.48  0.49  0.5   0.53  0.5   0.5   0.51  0.51  0.5   0.5   0.49
  0.5   0.48  0.48  0.48  0.49  0.49  0.49  0.47  0.46  0.47  0.47  0.49
  0.5   0.5   0.47  0.46  0.46  0.48  0.48  0.48  0.46  0.45  0.46  0.45
  0.49  0.49  0.5   0.49  0.47  0.48  0.48  0.47  0.48  0.48  0.49  0.49
  0.48  0.48  0.49  0.49  0.49  0.51  0.51  0.51  0.51  0.49  0.52  0.51
  0.51  0.51  0.48  0.49  0.52  0.51  0.51  0.47  0.47  0.49  0.48  0.47
  0.48  0.48  0.48  0.48  0.48  0.5   0.5   0.5   0.49  0.51  0.51  0.5
  0.49  0.49  0.48  0.48  0.49  0.49  0.49  0.5   0.5   0.49  0.49  0.48
  0.48  0.48  0.48  0.48  0.48  0.49  0.49  0.48  0.48  0.47  0.48  0.48
  0.48  0.47  0.47  0.47  0.46  0.46  0.46  0.48  0.47  0.47  0.47  0.47
  0.47  0.47  0.47  0.47  0.47  0.48  0.48  0.47  0.47  0.47  0.47  0.47
  0.47  0.47  0.48  0.46  0.47  0.47  0.47  0.47  0.46  0.48  0.49  0.5
  0.5   0.49  0.49  0.49  0.51  0.51  0.51  0.5   0.5   0.48  0.47  0.49
  0.49  0.49  0.48  0.47  0.47  0.47  0.47  0.47  0.47  0.47  0.46  0.48
  0.48  0.48  0.47  0.47]
----------training errors -------------
[ 0.71  0.61  0.58  0.56  0.53  0.54  0.51  0.5   0.47  0.44  0.47  0.45
  0.45  0.44  0.4   0.42  0.43  0.42  0.39  0.41  0.38  0.35  0.34  0.35
  0.32  0.34  0.32  0.31  0.34  0.35  0.31  0.3   0.28  0.29  0.29  0.26
  0.26  0.25  0.25  0.24  0.22  0.22  0.22  0.21  0.2   0.18  0.19  0.18
  0.17  0.18  0.18  0.18  0.2   0.2   0.19  0.18  0.17  0.17  0.16  0.15
  0.14  0.15  0.16  0.15  0.13  0.14  0.14  0.15  0.16  0.16  0.14  0.13
  0.13  0.12  0.11  0.11  0.11  0.11  0.11  0.1   0.1   0.11  0.1   0.09
  0.1   0.09  0.09  0.1   0.09  0.09  0.08  0.09  0.09  0.08  0.08  0.08
  0.09  0.07  0.07  0.07  0.07  0.07  0.06  0.06  0.05  0.06  0.06  0.06
  0.06  0.05  0.05  0.05  0.05  0.05  0.04  0.04  0.04  0.04  0.05  0.04
  0.04  0.04  0.04  0.04  0.04  0.04  0.04  0.04  0.05  0.05  0.05  0.04
  0.04  0.04  0.04  0.04  0.04  0.04  0.04  0.03  0.03  0.03  0.04  0.04
  0.04  0.04  0.04  0.04  0.04  0.04  0.04  0.03  0.04  0.04  0.04  0.04
  0.04  0.03  0.03  0.03  0.04  0.03  0.03  0.03  0.03  0.03  0.03  0.04
  0.04  0.04  0.03  0.03  0.03  0.03  0.03  0.03  0.03  0.03  0.03  0.03
  0.03  0.03  0.03  0.03  0.02  0.02  0.02  0.02  0.02  0.02  0.03  0.03
  0.03  0.02  0.02  0.02  0.02  0.02  0.02  0.02  0.02  0.02  0.03  0.03
  0.02  0.02  0.02  0.02  0.02  0.02  0.02  0.02  0.02  0.02  0.02  0.02
  0.02  0.02  0.02  0.02  0.02  0.02  0.02  0.02  0.02  0.01  0.02  0.02
  0.02  0.02  0.02  0.02  0.01  0.02  0.01  0.01  0.02  0.02  0.02  0.02
  0.02  0.02  0.02  0.02  0.02  0.02  0.02  0.02  0.01  0.01  0.02  0.02
  0.02  0.02  0.02  0.02  0.02  0.02  0.02  0.02  0.02  0.02  0.02  0.01
  0.01  0.01  0.01  0.01  0.01  0.01  0.01  0.01  0.01  0.01  0.01  0.01
  0.01  0.01  0.01  0.01  0.01  0.01  0.01  0.01  0.01  0.01  0.01  0.01
  0.01  0.01  0.01  0.01  0.01  0.01  0.01  0.01  0.01  0.01  0.01  0.01
  0.01  0.01  0.01  0.01  0.01  0.01  0.01  0.01  0.02  0.01  0.01  0.01
  0.01  0.01  0.01  0.01  0.01  0.01  0.01  0.01  0.01  0.01  0.01  0.01
  0.02  0.02  0.01  0.01  0.01  0.02  0.02  0.01  0.01  0.01  0.01  0.01
  0.02  0.01  0.01  0.01  0.01  0.01  0.01  0.01  0.01  0.01  0.01  0.01
  0.01  0.01  0.01  0.01  0.01  0.01  0.01  0.01  0.01  0.01  0.01  0.01
  0.01  0.01  0.01  0.01  0.01  0.01  0.01  0.01  0.01  0.    0.    0.01
  0.01  0.    0.    0.    0.    0.    0.    0.    0.    0.    0.    0.    0.
  0.    0.    0.    0.01  0.01  0.    0.01  0.01  0.01  0.01  0.01  0.01
  0.01  0.01  0.01]
----------test errors -------------
[ 0.79  0.73  0.71  0.61  0.57  0.59  0.6   0.64  0.6   0.58  0.6   0.56
  0.58  0.6   0.55  0.58  0.59  0.59  0.53  0.54  0.54  0.54  0.56  0.59
  0.58  0.63  0.62  0.61  0.58  0.59  0.58  0.54  0.55  0.55  0.54  0.55
  0.54  0.52  0.51  0.5   0.49  0.5   0.51  0.5   0.5   0.49  0.51  0.48
  0.49  0.5   0.51  0.52  0.54  0.53  0.53  0.52  0.53  0.51  0.49  0.51
  0.53  0.55  0.58  0.56  0.55  0.55  0.52  0.53  0.51  0.53  0.51  0.47
  0.49  0.48  0.49  0.5   0.49  0.48  0.47  0.46  0.48  0.47  0.47  0.46
  0.45  0.45  0.45  0.44  0.44  0.44  0.45  0.44  0.46  0.46  0.46  0.44
  0.47  0.47  0.48  0.47  0.47  0.44  0.44  0.43  0.43  0.43  0.43  0.44
  0.43  0.46  0.47  0.44  0.44  0.45  0.45  0.45  0.44  0.44  0.44  0.43
  0.44  0.44  0.45  0.43  0.42  0.45  0.44  0.45  0.44  0.45  0.46  0.47
  0.46  0.45  0.44  0.44  0.42  0.44  0.44  0.44  0.44  0.44  0.45  0.45
  0.46  0.47  0.48  0.47  0.48  0.46  0.46  0.44  0.46  0.47  0.45  0.44
  0.43  0.42  0.44  0.43  0.43  0.43  0.45  0.45  0.43  0.43  0.43  0.43
  0.45  0.45  0.44  0.43  0.45  0.46  0.45  0.45  0.45  0.46  0.45  0.45
  0.46  0.44  0.43  0.42  0.41  0.41  0.4   0.41  0.42  0.4   0.41  0.4
  0.39  0.41  0.41  0.4   0.39  0.4   0.39  0.39  0.39  0.39  0.39  0.39
  0.39  0.39  0.39  0.39  0.39  0.4   0.4   0.4   0.41  0.42  0.42  0.41
  0.4   0.39  0.39  0.39  0.39  0.39  0.39  0.4   0.39  0.39  0.41  0.4
  0.4   0.39  0.38  0.39  0.39  0.38  0.38  0.37  0.4   0.41  0.4   0.4
  0.4   0.39  0.39  0.4   0.4   0.4   0.41  0.42  0.41  0.4   0.4   0.41
  0.42  0.4   0.39  0.39  0.39  0.39  0.41  0.4   0.4   0.41  0.4   0.39
  0.39  0.4   0.39  0.4   0.38  0.4   0.4   0.41  0.4   0.39  0.4   0.4
  0.4   0.39  0.38  0.38  0.37  0.39  0.36  0.37  0.37  0.38  0.37  0.39
  0.39  0.4   0.4   0.4   0.41  0.41  0.4   0.4   0.39  0.39  0.38  0.38
  0.4   0.4   0.37  0.38  0.38  0.39  0.38  0.38  0.38  0.38  0.38  0.39
  0.39  0.38  0.38  0.38  0.39  0.4   0.4   0.4   0.4   0.4   0.4   0.42
  0.4   0.4   0.4   0.4   0.42  0.43  0.41  0.4   0.4   0.4   0.39  0.39
  0.41  0.41  0.41  0.4   0.4   0.39  0.41  0.42  0.42  0.42  0.43  0.42
  0.43  0.44  0.43  0.42  0.41  0.41  0.41  0.4   0.41  0.41  0.42  0.4
  0.4   0.4   0.41  0.41  0.41  0.41  0.41  0.41  0.41  0.41  0.41  0.41
  0.41  0.41  0.41  0.41  0.4   0.4   0.4   0.4   0.4   0.4   0.4   0.4
  0.4   0.4   0.4   0.39  0.4   0.4   0.41  0.41  0.41  0.41  0.41  0.41
  0.41  0.41  0.41  0.4 ]
----------training errors -------------
[ 0.7   0.7   0.66  0.57  0.55  0.54  0.5   0.55  0.51  0.49  0.48  0.47
  0.46  0.45  0.46  0.42  0.42  0.4   0.41  0.37  0.37  0.39  0.38  0.35
  0.35  0.34  0.33  0.3   0.31  0.31  0.31  0.3   0.27  0.28  0.28  0.25
  0.24  0.24  0.24  0.24  0.24  0.25  0.24  0.21  0.23  0.22  0.23  0.21
  0.19  0.18  0.19  0.18  0.18  0.17  0.18  0.17  0.15  0.15  0.16  0.16
  0.16  0.13  0.13  0.12  0.13  0.13  0.12  0.12  0.11  0.12  0.11  0.11
  0.1   0.1   0.12  0.12  0.11  0.1   0.11  0.11  0.11  0.11  0.11  0.11
  0.1   0.11  0.11  0.1   0.1   0.11  0.1   0.09  0.09  0.1   0.09  0.08
  0.08  0.08  0.08  0.09  0.08  0.08  0.07  0.08  0.09  0.08  0.07  0.07
  0.06  0.06  0.07  0.07  0.07  0.06  0.06  0.06  0.06  0.06  0.06  0.06
  0.06  0.06  0.06  0.06  0.06  0.06  0.06  0.06  0.06  0.07  0.06  0.06
  0.06  0.06  0.06  0.06  0.05  0.05  0.05  0.05  0.05  0.04  0.04  0.05
  0.05  0.05  0.05  0.05  0.05  0.05  0.05  0.05  0.05  0.05  0.05  0.05
  0.04  0.04  0.04  0.04  0.04  0.04  0.04  0.04  0.04  0.04  0.04  0.04
  0.04  0.04  0.03  0.04  0.03  0.04  0.04  0.04  0.03  0.03  0.03  0.04
  0.04  0.04  0.04  0.03  0.03  0.03  0.03  0.03  0.03  0.03  0.03  0.03
  0.03  0.03  0.03  0.02  0.02  0.02  0.02  0.02  0.02  0.02  0.03  0.03
  0.02  0.02  0.02  0.02  0.02  0.02  0.02  0.02  0.02  0.02  0.02  0.02
  0.02  0.02  0.01  0.01  0.02  0.01  0.01  0.02  0.02  0.02  0.02  0.02
  0.02  0.02  0.02  0.02  0.02  0.02  0.02  0.02  0.02  0.02  0.02  0.02
  0.01  0.02  0.02  0.02  0.02  0.02  0.02  0.02  0.01  0.02  0.01  0.02
  0.02  0.01  0.02  0.02  0.02  0.02  0.02  0.02  0.02  0.02  0.02  0.02
  0.02  0.02  0.02  0.01  0.01  0.02  0.02  0.02  0.01  0.01  0.01  0.01
  0.01  0.01  0.01  0.01  0.01  0.01  0.01  0.01  0.01  0.01  0.01  0.01
  0.01  0.01  0.01  0.01  0.01  0.01  0.01  0.01  0.01  0.01  0.01  0.01
  0.01  0.01  0.01  0.01  0.01  0.01  0.01  0.01  0.01  0.01  0.01  0.01
  0.01  0.01  0.01  0.01  0.01  0.01  0.01  0.01  0.01  0.01  0.01  0.01
  0.01  0.01  0.01  0.01  0.01  0.01  0.01  0.01  0.01  0.01  0.01  0.01
  0.01  0.01  0.01  0.01  0.01  0.01  0.01  0.01  0.01  0.01  0.01  0.01
  0.01  0.01  0.01  0.01  0.01  0.01  0.01  0.01  0.01  0.01  0.01  0.01
  0.01  0.01  0.01  0.01  0.01  0.01  0.01  0.01  0.01  0.    0.01  0.01
  0.01  0.01  0.01  0.01  0.01  0.01  0.01  0.01  0.01  0.01  0.01  0.01
  0.01  0.01  0.01  0.01  0.01  0.01  0.01  0.01  0.01  0.01  0.    0.    0.
  0.    0.    0.  ]
----------test errors -------------
[ 0.79  0.71  0.74  0.65  0.61  0.62  0.57  0.65  0.59  0.59  0.62  0.6
  0.61  0.61  0.57  0.58  0.57  0.58  0.58  0.52  0.52  0.54  0.56  0.58
  0.56  0.53  0.55  0.54  0.53  0.53  0.55  0.55  0.53  0.54  0.55  0.54
  0.54  0.54  0.52  0.52  0.51  0.51  0.51  0.5   0.53  0.53  0.49  0.49
  0.49  0.51  0.52  0.52  0.51  0.52  0.54  0.54  0.53  0.53  0.52  0.55
  0.55  0.53  0.53  0.52  0.51  0.5   0.48  0.46  0.45  0.47  0.47  0.47
  0.47  0.46  0.48  0.49  0.49  0.49  0.5   0.48  0.47  0.47  0.48  0.48
  0.47  0.5   0.5   0.5   0.49  0.48  0.49  0.48  0.48  0.49  0.5   0.49
  0.49  0.49  0.48  0.48  0.47  0.46  0.47  0.45  0.45  0.45  0.44  0.44
  0.46  0.45  0.46  0.49  0.48  0.46  0.47  0.46  0.47  0.47  0.47  0.47
  0.47  0.47  0.48  0.47  0.47  0.48  0.46  0.48  0.46  0.47  0.43  0.45
  0.44  0.43  0.44  0.46  0.48  0.48  0.47  0.46  0.47  0.48  0.49  0.49
  0.48  0.47  0.49  0.49  0.48  0.5   0.5   0.49  0.48  0.47  0.49  0.48
  0.47  0.46  0.46  0.46  0.46  0.47  0.47  0.46  0.47  0.49  0.49  0.46
  0.47  0.47  0.46  0.46  0.45  0.44  0.48  0.47  0.46  0.46  0.46  0.45
  0.44  0.44  0.45  0.46  0.47  0.45  0.45  0.45  0.45  0.46  0.45  0.45
  0.47  0.47  0.46  0.46  0.47  0.47  0.5   0.47  0.48  0.48  0.49  0.48
  0.47  0.48  0.5   0.47  0.46  0.46  0.46  0.47  0.47  0.48  0.47  0.47
  0.46  0.46  0.46  0.46  0.46  0.46  0.46  0.46  0.46  0.47  0.47  0.48
  0.48  0.48  0.49  0.49  0.49  0.49  0.47  0.47  0.48  0.46  0.47  0.48
  0.48  0.47  0.47  0.47  0.47  0.48  0.48  0.48  0.48  0.48  0.48  0.47
  0.48  0.49  0.49  0.48  0.47  0.47  0.48  0.48  0.47  0.46  0.46  0.46
  0.48  0.48  0.47  0.48  0.48  0.48  0.48  0.48  0.48  0.48  0.47  0.48
  0.48  0.49  0.48  0.47  0.48  0.48  0.46  0.46  0.47  0.48  0.47  0.47
  0.48  0.49  0.49  0.49  0.49  0.49  0.5   0.5   0.48  0.48  0.48  0.48
  0.48  0.48  0.49  0.48  0.48  0.48  0.48  0.48  0.48  0.48  0.47  0.47
  0.46  0.46  0.47  0.47  0.47  0.48  0.48  0.48  0.48  0.48  0.49  0.48
  0.48  0.47  0.47  0.47  0.47  0.47  0.47  0.47  0.47  0.47  0.47  0.47
  0.47  0.47  0.47  0.47  0.47  0.47  0.47  0.47  0.48  0.48  0.48  0.48
  0.47  0.47  0.47  0.47  0.47  0.48  0.49  0.48  0.48  0.48  0.48  0.49
  0.49  0.48  0.48  0.48  0.48  0.47  0.47  0.48  0.47  0.47  0.47  0.46
  0.47  0.46  0.47  0.48  0.47  0.48  0.48  0.48  0.48  0.48  0.48  0.48
  0.48  0.48  0.47  0.47  0.48  0.48  0.47  0.47  0.47  0.47  0.46  0.45
  0.47  0.46  0.47  0.47]
----------training errors -------------
[ 0.71  0.66  0.61  0.63  0.56  0.55  0.49  0.46  0.44  0.44  0.42  0.39
  0.41  0.39  0.4   0.41  0.4   0.37  0.35  0.35  0.35  0.33  0.31  0.29
  0.3   0.27  0.3   0.27  0.28  0.27  0.26  0.25  0.23  0.21  0.22  0.22
  0.2   0.19  0.2   0.18  0.17  0.17  0.17  0.16  0.17  0.15  0.15  0.16
  0.15  0.14  0.14  0.14  0.14  0.13  0.12  0.13  0.11  0.13  0.13  0.12
  0.12  0.12  0.12  0.11  0.12  0.12  0.1   0.1   0.11  0.1   0.09  0.11
  0.1   0.1   0.1   0.09  0.08  0.08  0.09  0.08  0.07  0.08  0.08  0.08
  0.08  0.08  0.08  0.07  0.07  0.06  0.06  0.07  0.07  0.06  0.06  0.06
  0.07  0.06  0.06  0.06  0.05  0.06  0.06  0.06  0.06  0.06  0.06  0.06
  0.05  0.06  0.06  0.05  0.05  0.04  0.05  0.06  0.05  0.05  0.06  0.05
  0.06  0.05  0.06  0.05  0.04  0.04  0.04  0.05  0.05  0.04  0.04  0.04
  0.04  0.04  0.04  0.04  0.04  0.04  0.04  0.04  0.05  0.04  0.04  0.04
  0.03  0.03  0.03  0.03  0.03  0.04  0.03  0.03  0.03  0.03  0.03  0.03
  0.03  0.03  0.03  0.03  0.02  0.03  0.03  0.03  0.03  0.03  0.03  0.03
  0.03  0.03  0.03  0.03  0.03  0.03  0.03  0.03  0.03  0.03  0.03  0.03
  0.03  0.03  0.03  0.03  0.03  0.03  0.03  0.03  0.03  0.03  0.03  0.03
  0.03  0.03  0.03  0.03  0.03  0.03  0.03  0.03  0.03  0.03  0.03  0.03
  0.03  0.02  0.02  0.03  0.03  0.03  0.03  0.03  0.03  0.03  0.03  0.03
  0.02  0.03  0.02  0.02  0.02  0.03  0.03  0.03  0.03  0.03  0.03  0.03
  0.02  0.02  0.03  0.02  0.03  0.03  0.03  0.03  0.03  0.02  0.02  0.02
  0.02  0.02  0.03  0.03  0.03  0.03  0.03  0.03  0.02  0.03  0.03  0.03
  0.03  0.03  0.03  0.03  0.03  0.03  0.02  0.03  0.03  0.03  0.03  0.03
  0.03  0.03  0.03  0.03  0.03  0.03  0.03  0.03  0.03  0.03  0.03  0.02
  0.02  0.03  0.03  0.02  0.02  0.02  0.02  0.02  0.03  0.02  0.02  0.02
  0.02  0.02  0.02  0.02  0.02  0.02  0.02  0.02  0.03  0.02  0.02  0.02
  0.02  0.02  0.02  0.02  0.02  0.02  0.02  0.03  0.02  0.02  0.02  0.02
  0.02  0.02  0.02  0.02  0.02  0.02  0.02  0.02  0.01  0.02  0.02  0.02
  0.02  0.02  0.02  0.02  0.01  0.02  0.02  0.02  0.02  0.02  0.02  0.02
  0.02  0.02  0.02  0.02  0.02  0.02  0.02  0.02  0.02  0.02  0.02  0.01
  0.02  0.01  0.01  0.02  0.02  0.02  0.02  0.02  0.02  0.02  0.02  0.02
  0.02  0.02  0.02  0.02  0.02  0.02  0.02  0.02  0.02  0.02  0.02  0.02
  0.02  0.02  0.02  0.02  0.02  0.02  0.02  0.02  0.02  0.02  0.02  0.02
  0.02  0.02  0.02  0.02  0.02  0.02  0.02  0.02  0.02  0.02  0.02  0.02
  0.02  0.02  0.02  0.02]
----------test errors -------------
[ 0.7   0.71  0.67  0.69  0.66  0.65  0.7   0.65  0.63  0.66  0.68  0.61
  0.61  0.56  0.56  0.53  0.52  0.55  0.55  0.54  0.55  0.54  0.55  0.58
  0.59  0.54  0.56  0.54  0.56  0.55  0.55  0.54  0.55  0.54  0.54  0.53
  0.53  0.54  0.52  0.49  0.51  0.49  0.5   0.49  0.53  0.52  0.5   0.5
  0.49  0.51  0.52  0.5   0.5   0.49  0.51  0.55  0.54  0.53  0.54  0.55
  0.54  0.54  0.54  0.54  0.52  0.53  0.53  0.55  0.53  0.5   0.5   0.52
  0.52  0.52  0.5   0.51  0.51  0.5   0.49  0.48  0.48  0.47  0.47  0.49
  0.49  0.5   0.52  0.5   0.5   0.5   0.52  0.51  0.51  0.52  0.54  0.52
  0.53  0.5   0.5   0.5   0.48  0.51  0.51  0.51  0.49  0.49  0.48  0.49
  0.5   0.51  0.51  0.52  0.52  0.51  0.51  0.5   0.51  0.51  0.5   0.5
  0.48  0.48  0.48  0.51  0.51  0.5   0.5   0.49  0.49  0.48  0.49  0.48
  0.48  0.49  0.49  0.48  0.48  0.48  0.49  0.47  0.49  0.49  0.47  0.48
  0.46  0.46  0.46  0.46  0.46  0.46  0.47  0.48  0.47  0.47  0.47  0.46
  0.47  0.48  0.48  0.47  0.47  0.48  0.48  0.48  0.45  0.44  0.45  0.45
  0.46  0.46  0.45  0.45  0.47  0.47  0.48  0.49  0.49  0.49  0.5   0.49
  0.47  0.48  0.46  0.44  0.43  0.44  0.45  0.46  0.46  0.47  0.47  0.46
  0.49  0.47  0.47  0.48  0.46  0.44  0.46  0.43  0.43  0.43  0.43  0.4
  0.43  0.43  0.42  0.41  0.41  0.41  0.41  0.41  0.42  0.42  0.41  0.41
  0.43  0.43  0.43  0.43  0.42  0.42  0.43  0.43  0.42  0.43  0.43  0.45
  0.44  0.43  0.43  0.42  0.43  0.43  0.44  0.44  0.41  0.42  0.42  0.41
  0.43  0.43  0.43  0.43  0.42  0.43  0.43  0.43  0.43  0.43  0.43  0.43
  0.43  0.43  0.43  0.41  0.41  0.43  0.42  0.42  0.42  0.41  0.42  0.44
  0.44  0.44  0.44  0.45  0.46  0.46  0.45  0.45  0.44  0.43  0.43  0.43
  0.43  0.42  0.43  0.43  0.43  0.44  0.44  0.44  0.44  0.43  0.43  0.43
  0.42  0.42  0.42  0.43  0.44  0.44  0.43  0.42  0.43  0.42  0.42  0.42
  0.42  0.43  0.43  0.42  0.44  0.44  0.43  0.43  0.42  0.42  0.43  0.42
  0.42  0.43  0.44  0.44  0.44  0.45  0.45  0.45  0.44  0.44  0.44  0.44
  0.44  0.44  0.44  0.44  0.44  0.44  0.43  0.43  0.44  0.44  0.44  0.44
  0.44  0.44  0.44  0.44  0.45  0.45  0.45  0.44  0.44  0.45  0.45  0.44
  0.44  0.44  0.43  0.44  0.44  0.44  0.44  0.44  0.44  0.44  0.44  0.43
  0.43  0.44  0.44  0.44  0.44  0.44  0.44  0.45  0.44  0.44  0.44  0.44
  0.44  0.44  0.44  0.43  0.43  0.44  0.45  0.45  0.44  0.43  0.43  0.44
  0.44  0.44  0.43  0.44  0.44  0.44  0.44  0.43  0.43  0.43  0.42  0.44
  0.44  0.45  0.44  0.44]
----------training errors -------------
[ 0.7   0.65  0.62  0.56  0.55  0.53  0.51  0.5   0.49  0.47  0.47  0.42
  0.41  0.39  0.38  0.37  0.37  0.36  0.38  0.36  0.32  0.31  0.3   0.28
  0.28  0.3   0.3   0.29  0.28  0.29  0.26  0.27  0.25  0.23  0.25  0.25
  0.25  0.24  0.21  0.21  0.21  0.23  0.21  0.21  0.22  0.21  0.2   0.19
  0.18  0.2   0.17  0.17  0.15  0.15  0.15  0.18  0.16  0.16  0.13  0.12
  0.13  0.14  0.13  0.12  0.12  0.12  0.12  0.1   0.1   0.12  0.12  0.1
  0.1   0.1   0.1   0.11  0.11  0.09  0.09  0.09  0.09  0.09  0.09  0.08
  0.07  0.06  0.06  0.07  0.07  0.08  0.08  0.09  0.08  0.08  0.08  0.08
  0.08  0.07  0.07  0.06  0.06  0.07  0.05  0.05  0.05  0.06  0.06  0.05
  0.05  0.05  0.06  0.05  0.06  0.06  0.05  0.04  0.04  0.05  0.05  0.05
  0.05  0.05  0.05  0.05  0.04  0.04  0.05  0.05  0.05  0.04  0.04  0.04
  0.04  0.04  0.04  0.04  0.04  0.04  0.04  0.04  0.04  0.04  0.04  0.03
  0.04  0.03  0.03  0.03  0.03  0.03  0.03  0.04  0.03  0.03  0.03  0.03
  0.03  0.03  0.03  0.03  0.03  0.04  0.03  0.04  0.04  0.04  0.03  0.03
  0.03  0.03  0.03  0.03  0.03  0.04  0.03  0.03  0.03  0.03  0.03  0.03
  0.03  0.03  0.03  0.03  0.03  0.03  0.03  0.02  0.02  0.02  0.03  0.03
  0.02  0.03  0.02  0.03  0.03  0.03  0.03  0.03  0.03  0.03  0.03  0.03
  0.03  0.03  0.03  0.03  0.03  0.03  0.03  0.03  0.03  0.03  0.03  0.02
  0.02  0.02  0.02  0.02  0.02  0.02  0.03  0.03  0.02  0.02  0.03  0.02
  0.02  0.02  0.02  0.02  0.02  0.02  0.02  0.02  0.02  0.02  0.02  0.02
  0.02  0.02  0.02  0.02  0.02  0.02  0.02  0.02  0.02  0.02  0.02  0.02
  0.02  0.02  0.02  0.02  0.02  0.02  0.02  0.02  0.02  0.02  0.02  0.02
  0.02  0.02  0.02  0.02  0.02  0.02  0.02  0.02  0.02  0.02  0.02  0.01
  0.02  0.02  0.02  0.02  0.02  0.02  0.02  0.02  0.02  0.02  0.02  0.02
  0.02  0.02  0.01  0.01  0.01  0.01  0.01  0.01  0.01  0.01  0.01  0.01
  0.01  0.01  0.01  0.01  0.01  0.01  0.01  0.01  0.01  0.01  0.01  0.01
  0.01  0.01  0.01  0.01  0.01  0.01  0.01  0.01  0.01  0.01  0.01  0.01
  0.01  0.01  0.01  0.01  0.01  0.01  0.01  0.01  0.01  0.01  0.01  0.01
  0.01  0.01  0.01  0.01  0.01  0.01  0.01  0.01  0.01  0.01  0.01  0.01
  0.    0.    0.    0.01  0.    0.    0.01  0.01  0.    0.01  0.01  0.01
  0.    0.01  0.    0.01  0.01  0.01  0.    0.01  0.01  0.01  0.01  0.01
  0.01  0.    0.01  0.01  0.01  0.01  0.01  0.    0.    0.    0.    0.    0.
  0.    0.01  0.01  0.01  0.01  0.    0.01  0.01  0.01  0.01  0.01  0.01
  0.01  0.01  0.01]
----------test errors -------------
[ 0.77  0.77  0.73  0.71  0.66  0.69  0.66  0.6   0.58  0.56  0.61  0.54
  0.57  0.58  0.58  0.56  0.54  0.52  0.56  0.57  0.57  0.6   0.58  0.52
  0.53  0.56  0.59  0.57  0.59  0.61  0.59  0.6   0.62  0.59  0.58  0.57
  0.58  0.58  0.52  0.52  0.54  0.56  0.58  0.6   0.63  0.63  0.59  0.56
  0.56  0.6   0.57  0.56  0.55  0.58  0.57  0.58  0.58  0.56  0.54  0.54
  0.53  0.53  0.56  0.53  0.54  0.53  0.52  0.52  0.52  0.54  0.52  0.48
  0.48  0.48  0.49  0.51  0.5   0.49  0.48  0.49  0.5   0.5   0.51  0.48
  0.49  0.48  0.47  0.49  0.5   0.52  0.51  0.5   0.48  0.47  0.48  0.49
  0.48  0.46  0.44  0.45  0.46  0.48  0.46  0.44  0.46  0.47  0.46  0.46
  0.45  0.45  0.46  0.44  0.46  0.48  0.46  0.46  0.42  0.45  0.44  0.44
  0.45  0.46  0.45  0.45  0.46  0.46  0.44  0.45  0.46  0.45  0.45  0.44
  0.44  0.45  0.43  0.43  0.43  0.45  0.45  0.43  0.44  0.45  0.45  0.45
  0.46  0.44  0.43  0.44  0.43  0.43  0.43  0.43  0.44  0.44  0.44  0.44
  0.46  0.46  0.45  0.45  0.45  0.45  0.45  0.46  0.44  0.42  0.43  0.44
  0.44  0.44  0.45  0.45  0.46  0.44  0.44  0.45  0.44  0.44  0.45  0.44
  0.43  0.44  0.44  0.44  0.44  0.41  0.4   0.39  0.4   0.43  0.44  0.44
  0.45  0.45  0.44  0.44  0.44  0.45  0.45  0.44  0.43  0.43  0.42  0.41
  0.43  0.42  0.4   0.42  0.41  0.4   0.39  0.4   0.4   0.41  0.41  0.41
  0.41  0.39  0.4   0.41  0.42  0.42  0.41  0.42  0.41  0.4   0.41  0.42
  0.42  0.46  0.47  0.47  0.47  0.43  0.42  0.43  0.43  0.42  0.43  0.43
  0.42  0.43  0.43  0.45  0.42  0.42  0.43  0.43  0.44  0.44  0.44  0.44
  0.44  0.43  0.43  0.44  0.44  0.44  0.44  0.43  0.44  0.45  0.45  0.44
  0.44  0.42  0.41  0.41  0.42  0.43  0.43  0.43  0.42  0.43  0.42  0.43
  0.43  0.44  0.43  0.44  0.44  0.44  0.44  0.44  0.44  0.44  0.44  0.44
  0.45  0.44  0.44  0.43  0.43  0.43  0.43  0.42  0.43  0.43  0.43  0.42
  0.43  0.46  0.45  0.45  0.45  0.45  0.44  0.46  0.47  0.45  0.43  0.42
  0.44  0.43  0.44  0.44  0.44  0.44  0.45  0.45  0.44  0.44  0.42  0.42
  0.43  0.44  0.44  0.43  0.42  0.42  0.42  0.42  0.42  0.43  0.43  0.42
  0.43  0.43  0.43  0.43  0.43  0.43  0.43  0.43  0.43  0.43  0.43  0.43
  0.43  0.43  0.44  0.45  0.44  0.44  0.43  0.44  0.43  0.43  0.44  0.43
  0.44  0.45  0.44  0.44  0.44  0.44  0.45  0.46  0.45  0.45  0.45  0.45
  0.45  0.45  0.45  0.45  0.43  0.44  0.42  0.41  0.41  0.43  0.42  0.42
  0.43  0.42  0.42  0.42  0.41  0.4   0.41  0.41  0.42  0.42  0.42  0.42
  0.41  0.41  0.42  0.4 ]
0.429
