0.76
----------Adaboost errors -------------
----------training errors -------------
[ 0.89444444  0.89444444  0.71666667  0.71666667  0.71666667  0.71666667
  0.71666667  0.71666667  0.71666667  0.71666667  0.71666667  0.71666667
  0.71666667  0.71666667  0.71666667  0.71666667  0.71666667  0.71666667
  0.71666667  0.71666667  0.71666667  0.71666667  0.71666667  0.71666667
  0.71666667  0.71666667  0.71666667  0.71666667  0.71666667  0.71666667
  0.71666667  0.71666667  0.71666667  0.71666667  0.77222222  0.77222222
  0.84333333  0.84333333  0.84333333  0.84333333  0.84333333  0.84333333
  0.84333333  0.71777778  0.71777778  0.71777778  0.71777778  0.71777778
  0.71777778  0.71777778  0.71777778  0.72666667  0.71777778  0.71777778
  0.71777778  0.71777778  0.71777778  0.71777778  0.71777778  0.72666667
  0.71777778  0.71777778  0.71777778  0.71777778  0.71777778  0.71777778
  0.71777778  0.71777778  0.71777778  0.71777778  0.71777778  0.71777778
  0.71777778  0.71777778  0.71777778  0.71777778  0.71777778  0.71777778
  0.71777778  0.71777778  0.71777778  0.71777778  0.71777778  0.71777778
  0.71777778  0.71777778  0.71777778  0.71777778  0.71777778  0.71777778
  0.71777778  0.71777778  0.71777778  0.71777778  0.71777778  0.71777778
  0.71777778  0.71777778  0.71777778  0.71777778]
----------test errors -------------
[ 0.95  0.95  0.78  0.78  0.78  0.78  0.78  0.78  0.78  0.78  0.78  0.78
  0.78  0.78  0.78  0.78  0.78  0.78  0.78  0.78  0.78  0.78  0.78  0.78
  0.78  0.78  0.78  0.78  0.78  0.78  0.78  0.78  0.78  0.78  0.82  0.82
  0.82  0.82  0.82  0.82  0.82  0.82  0.82  0.76  0.76  0.76  0.76  0.76
  0.76  0.76  0.76  0.79  0.76  0.76  0.76  0.76  0.76  0.76  0.76  0.79
  0.76  0.76  0.76  0.76  0.76  0.76  0.76  0.76  0.76  0.76  0.76  0.76
  0.76  0.76  0.76  0.76  0.76  0.76  0.76  0.76  0.76  0.76  0.76  0.76
  0.76  0.76  0.76  0.76  0.76  0.76  0.76  0.76  0.76  0.76  0.76  0.76
  0.76  0.76  0.76  0.76]
0.82
----------Adaboost errors -------------
----------training errors -------------
[ 0.89555556  0.89555556  0.89555556  0.81        0.80777778  0.80777778
  0.80777778  0.80777778  0.80777778  0.80777778  0.80777778  0.80777778
  0.80777778  0.80777778  0.80777778  0.80777778  0.80777778  0.80777778
  0.80777778  0.80777778  0.80777778  0.80777778  0.80777778  0.80777778
  0.80777778  0.80777778  0.80777778  0.80777778  0.80777778  0.80777778
  0.80777778  0.80777778  0.80777778  0.80777778  0.80777778  0.80777778
  0.80777778  0.80777778  0.80777778  0.80777778  0.80777778  0.80777778
  0.80777778  0.80777778  0.80777778  0.80777778  0.80777778  0.80777778
  0.80777778  0.80777778  0.80777778  0.80777778  0.80777778  0.80777778
  0.77111111  0.77111111  0.77111111  0.77111111  0.77111111  0.77111111
  0.77111111  0.77111111  0.77111111  0.77111111  0.81        0.81        0.81
  0.81        0.81        0.81        0.81        0.81        0.81        0.81
  0.81        0.81        0.81        0.81        0.81        0.81        0.81
  0.81        0.81        0.81        0.81        0.81        0.81        0.81
  0.81        0.81        0.81        0.81        0.81        0.81        0.81
  0.81        0.81        0.81        0.81        0.81      ]
----------test errors -------------
[ 0.94  0.94  0.94  0.82  0.8   0.8   0.8   0.8   0.8   0.8   0.8   0.8
  0.8   0.8   0.8   0.8   0.8   0.8   0.8   0.8   0.8   0.8   0.8   0.8
  0.8   0.8   0.8   0.8   0.8   0.8   0.8   0.8   0.8   0.8   0.8   0.8
  0.8   0.8   0.8   0.8   0.8   0.8   0.8   0.8   0.8   0.8   0.8   0.8
  0.8   0.8   0.8   0.8   0.8   0.8   0.76  0.76  0.76  0.76  0.76  0.76
  0.76  0.76  0.76  0.76  0.82  0.82  0.82  0.82  0.82  0.82  0.82  0.82
  0.82  0.82  0.82  0.82  0.82  0.82  0.82  0.82  0.82  0.82  0.82  0.82
  0.82  0.82  0.82  0.82  0.82  0.82  0.82  0.82  0.82  0.82  0.82  0.82
  0.82  0.82  0.82  0.82]
0.65
----------Adaboost errors -------------
----------training errors -------------
[ 0.89555556  0.67222222  0.67222222  0.65222222  0.65222222  0.65222222
  0.65222222  0.65222222  0.65222222  0.65222222  0.65222222  0.64333333
  0.64444444  0.67888889  0.67888889  0.67888889  0.67888889  0.67888889
  0.67888889  0.67888889  0.67888889  0.67888889  0.67888889  0.67888889
  0.67888889  0.67888889  0.67888889  0.67888889  0.67888889  0.67888889
  0.67888889  0.67888889  0.67888889  0.67888889  0.67888889  0.67888889
  0.67888889  0.67888889  0.67888889  0.67888889  0.67888889  0.67888889
  0.67888889  0.67888889  0.67888889  0.67888889  0.67888889  0.67888889
  0.67888889  0.67888889  0.67888889  0.67888889  0.67888889  0.67888889
  0.67888889  0.67888889  0.67888889  0.67888889  0.67888889  0.67888889
  0.67888889  0.67888889  0.67888889  0.67888889  0.67888889  0.67888889
  0.67888889  0.67888889  0.67888889  0.67888889  0.67888889  0.67888889
  0.67888889  0.67888889  0.67888889  0.67888889  0.67888889  0.67888889
  0.67888889  0.67888889  0.67888889  0.67888889  0.67888889  0.67888889
  0.67888889  0.67888889  0.67888889  0.67888889  0.67888889  0.67888889
  0.67888889  0.67888889  0.67888889  0.67888889  0.67888889  0.67888889
  0.67888889  0.67888889  0.67888889  0.67888889]
----------test errors -------------
[ 0.94  0.74  0.74  0.62  0.62  0.62  0.62  0.62  0.62  0.62  0.62  0.67
  0.63  0.65  0.65  0.65  0.65  0.65  0.65  0.65  0.65  0.65  0.65  0.65
  0.65  0.65  0.65  0.65  0.65  0.65  0.65  0.65  0.65  0.65  0.65  0.65
  0.65  0.65  0.65  0.65  0.65  0.65  0.65  0.65  0.65  0.65  0.65  0.65
  0.65  0.65  0.65  0.65  0.65  0.65  0.65  0.65  0.65  0.65  0.65  0.65
  0.65  0.65  0.65  0.65  0.65  0.65  0.65  0.65  0.65  0.65  0.65  0.65
  0.65  0.65  0.65  0.65  0.65  0.65  0.65  0.65  0.65  0.65  0.65  0.65
  0.65  0.65  0.65  0.65  0.65  0.65  0.65  0.65  0.65  0.65  0.65  0.65
  0.65  0.65  0.65  0.65]
0.7
----------Adaboost errors -------------
----------training errors -------------
[ 0.89666667  0.80555556  0.80555556  0.80555556  0.80555556  0.73888889
  0.73888889  0.73888889  0.73888889  0.73888889  0.73888889  0.73888889
  0.73888889  0.73888889  0.73888889  0.73888889  0.73888889  0.73888889
  0.73888889  0.73888889  0.73888889  0.73888889  0.73888889  0.73888889
  0.73888889  0.73888889  0.73888889  0.73888889  0.73888889  0.73888889
  0.73888889  0.73888889  0.73888889  0.73888889  0.73888889  0.73888889
  0.73888889  0.73888889  0.73888889  0.73888889  0.73888889  0.73888889
  0.73888889  0.73888889  0.73888889  0.73888889  0.73888889  0.73888889
  0.73888889  0.73888889  0.73888889  0.73888889  0.73888889  0.73888889
  0.73888889  0.73888889  0.73888889  0.73888889  0.73888889  0.73888889
  0.73888889  0.73888889  0.73888889  0.73888889  0.73888889  0.73888889
  0.73888889  0.73888889  0.73888889  0.73888889  0.73888889  0.73888889
  0.73888889  0.73888889  0.73888889  0.73888889  0.73888889  0.73888889
  0.73888889  0.73888889  0.73888889  0.73888889  0.73888889  0.73888889
  0.73888889  0.73888889  0.73888889  0.73888889  0.73888889  0.73888889
  0.73888889  0.73888889  0.73888889  0.73888889  0.73888889  0.73888889
  0.73888889  0.73888889  0.73888889  0.73888889]
----------test errors -------------
[ 0.93  0.84  0.84  0.84  0.84  0.7   0.7   0.7   0.7   0.7   0.7   0.7
  0.7   0.7   0.7   0.7   0.7   0.7   0.7   0.7   0.7   0.7   0.7   0.7
  0.7   0.7   0.7   0.7   0.7   0.7   0.7   0.7   0.7   0.7   0.7   0.7
  0.7   0.7   0.7   0.7   0.7   0.7   0.7   0.7   0.7   0.7   0.7   0.7
  0.7   0.7   0.7   0.7   0.7   0.7   0.7   0.7   0.7   0.7   0.7   0.7
  0.7   0.7   0.7   0.7   0.7   0.7   0.7   0.7   0.7   0.7   0.7   0.7
  0.7   0.7   0.7   0.7   0.7   0.7   0.7   0.7   0.7   0.7   0.7   0.7
  0.7   0.7   0.7   0.7   0.7   0.7   0.7   0.7   0.7   0.7   0.7   0.7
  0.7   0.7   0.7   0.7 ]
0.86
----------Adaboost errors -------------
----------training errors -------------
[ 0.89444444  0.8         0.8         0.8         0.8         0.81333333
  0.84        0.84        0.84        0.84        0.84        0.84        0.84
  0.84        0.84        0.84        0.84        0.84        0.84        0.84
  0.84        0.84        0.84        0.83111111  0.83111111  0.83111111
  0.82444444  0.82444444  0.82444444  0.82444444  0.82444444  0.82444444
  0.86111111  0.86111111  0.82666667  0.82666667  0.82666667  0.82666667
  0.82666667  0.82666667  0.86111111  0.86111111  0.82666667  0.82666667
  0.82666667  0.82666667  0.82666667  0.82666667  0.82666667  0.82666667
  0.82666667  0.82666667  0.82666667  0.82666667  0.82666667  0.82666667
  0.82666667  0.82666667  0.82666667  0.82666667  0.82666667  0.82666667
  0.82666667  0.82666667  0.82666667  0.82666667  0.82666667  0.82666667
  0.82666667  0.82666667  0.82666667  0.82666667  0.82666667  0.82666667
  0.82666667  0.82666667  0.82666667  0.82666667  0.82666667  0.82666667
  0.82666667  0.82666667  0.82666667  0.82666667  0.82666667  0.82666667
  0.82666667  0.82666667  0.82666667  0.82666667  0.82666667  0.82666667
  0.82666667  0.82666667  0.82666667  0.82666667  0.82666667  0.82666667
  0.82666667  0.82666667]
----------test errors -------------
[ 0.95  0.87  0.87  0.87  0.87  0.77  0.84  0.84  0.84  0.84  0.84  0.84
  0.84  0.84  0.84  0.84  0.84  0.84  0.84  0.84  0.84  0.84  0.84  0.82
  0.82  0.82  0.83  0.83  0.83  0.83  0.83  0.83  0.9   0.9   0.86  0.86
  0.86  0.86  0.86  0.86  0.9   0.9   0.86  0.86  0.86  0.86  0.86  0.86
  0.86  0.86  0.86  0.86  0.86  0.86  0.86  0.86  0.86  0.86  0.86  0.86
  0.86  0.86  0.86  0.86  0.86  0.86  0.86  0.86  0.86  0.86  0.86  0.86
  0.86  0.86  0.86  0.86  0.86  0.86  0.86  0.86  0.86  0.86  0.86  0.86
  0.86  0.86  0.86  0.86  0.86  0.86  0.86  0.86  0.86  0.86  0.86  0.86
  0.86  0.86  0.86  0.86]
0.76
----------Adaboost errors -------------
----------training errors -------------
[ 0.81666667  0.80444444  0.81222222  0.82333333  0.82333333  0.82333333
  0.82333333  0.82333333  0.82333333  0.82333333  0.82333333  0.82333333
  0.82333333  0.82333333  0.82333333  0.82333333  0.82333333  0.82333333
  0.82333333  0.82333333  0.82333333  0.76444444  0.76444444  0.76444444
  0.76444444  0.76444444  0.76444444  0.76444444  0.72888889  0.74777778
  0.75777778  0.75777778  0.75777778  0.75777778  0.75777778  0.75777778
  0.75777778  0.73888889  0.75777778  0.75777778  0.75777778  0.75777778
  0.75777778  0.75777778  0.75777778  0.75777778  0.73888889  0.75777778
  0.75777778  0.75777778  0.75777778  0.75777778  0.75777778  0.75777778
  0.75777778  0.73888889  0.75777778  0.75777778  0.75777778  0.75777778
  0.75777778  0.75777778  0.75777778  0.75777778  0.73888889  0.75777778
  0.75777778  0.75777778  0.75777778  0.75777778  0.75777778  0.75777778
  0.75777778  0.73888889  0.75777778  0.75777778  0.75777778  0.75777778
  0.75777778  0.75777778  0.75777778  0.75777778  0.73888889  0.75777778
  0.75777778  0.75777778  0.75777778  0.75777778  0.75777778  0.75777778
  0.75777778  0.73888889  0.75777778  0.75777778  0.75777778  0.75777778
  0.75777778  0.75777778  0.75777778  0.75777778]
----------test errors -------------
[ 0.88  0.83  0.83  0.79  0.79  0.79  0.79  0.79  0.79  0.79  0.79  0.79
  0.79  0.79  0.79  0.79  0.79  0.79  0.79  0.79  0.79  0.74  0.74  0.74
  0.74  0.74  0.74  0.74  0.71  0.71  0.76  0.76  0.76  0.76  0.76  0.76
  0.76  0.76  0.76  0.76  0.76  0.76  0.76  0.76  0.76  0.76  0.76  0.76
  0.76  0.76  0.76  0.76  0.76  0.76  0.76  0.76  0.76  0.76  0.76  0.76
  0.76  0.76  0.76  0.76  0.76  0.76  0.76  0.76  0.76  0.76  0.76  0.76
  0.76  0.76  0.76  0.76  0.76  0.76  0.76  0.76  0.76  0.76  0.76  0.76
  0.76  0.76  0.76  0.76  0.76  0.76  0.76  0.76  0.76  0.76  0.76  0.76
  0.76  0.76  0.76  0.76]
0.84
----------Adaboost errors -------------
----------training errors -------------
[ 0.89333333  0.81444444  0.81        0.81        0.81        0.81
  0.82555556  0.82555556  0.82555556  0.82555556  0.82555556  0.82555556
  0.82555556  0.82555556  0.82555556  0.82555556  0.82555556  0.82555556
  0.82555556  0.82555556  0.82555556  0.82555556  0.82555556  0.82555556
  0.82555556  0.82555556  0.82555556  0.82555556  0.82555556  0.82555556
  0.82555556  0.82555556  0.82555556  0.82555556  0.82555556  0.82555556
  0.82555556  0.82555556  0.82555556  0.82555556  0.82555556  0.82555556
  0.82555556  0.82555556  0.82555556  0.82555556  0.82555556  0.82555556
  0.82555556  0.82555556  0.82555556  0.82555556  0.82555556  0.82555556
  0.82555556  0.82555556  0.82555556  0.82555556  0.82555556  0.82555556
  0.82555556  0.82555556  0.82555556  0.82555556  0.82555556  0.82555556
  0.82555556  0.82555556  0.82555556  0.82555556  0.82555556  0.82555556
  0.82555556  0.82555556  0.82555556  0.82555556  0.82555556  0.82555556
  0.82555556  0.82555556  0.82555556  0.82555556  0.85666667  0.86666667
  0.86666667  0.86666667  0.86666667  0.86666667  0.86666667  0.86666667
  0.86666667  0.86333333  0.86666667  0.86666667  0.86666667  0.86666667
  0.86666667  0.86666667  0.86666667  0.86666667]
----------test errors -------------
[ 0.96  0.84  0.84  0.84  0.84  0.84  0.81  0.81  0.81  0.81  0.81  0.81
  0.81  0.81  0.81  0.81  0.81  0.81  0.81  0.81  0.81  0.81  0.81  0.81
  0.81  0.81  0.81  0.81  0.81  0.81  0.81  0.81  0.81  0.81  0.81  0.81
  0.81  0.81  0.81  0.81  0.81  0.81  0.81  0.81  0.81  0.81  0.81  0.81
  0.81  0.81  0.81  0.81  0.81  0.81  0.81  0.81  0.81  0.81  0.81  0.81
  0.81  0.81  0.81  0.81  0.81  0.81  0.81  0.81  0.81  0.81  0.81  0.81
  0.81  0.81  0.81  0.81  0.81  0.81  0.81  0.81  0.81  0.81  0.84  0.84
  0.84  0.84  0.84  0.84  0.84  0.84  0.84  0.85  0.84  0.84  0.84  0.84
  0.84  0.84  0.84  0.84]
0.86
----------Adaboost errors -------------
----------training errors -------------
[ 0.89444444  0.89444444  0.89444444  0.89444444  0.89444444  0.89444444
  0.82555556  0.82555556  0.82555556  0.82555556  0.82555556  0.82555556
  0.82555556  0.82555556  0.82555556  0.82555556  0.82555556  0.82555556
  0.82555556  0.82555556  0.82555556  0.82555556  0.82555556  0.82555556
  0.82555556  0.82555556  0.82555556  0.82555556  0.82555556  0.82555556
  0.82555556  0.82555556  0.82555556  0.82555556  0.82555556  0.82555556
  0.82555556  0.82555556  0.82555556  0.82555556  0.82555556  0.82555556
  0.82555556  0.82555556  0.82555556  0.82555556  0.82555556  0.82555556
  0.82555556  0.82555556  0.82555556  0.82555556  0.82555556  0.82555556
  0.82555556  0.82555556  0.82555556  0.82555556  0.82555556  0.82555556
  0.82555556  0.82555556  0.82555556  0.82555556  0.82555556  0.82555556
  0.82555556  0.82555556  0.82555556  0.82555556  0.82555556  0.82555556
  0.82555556  0.82555556  0.82555556  0.82555556  0.82555556  0.82555556
  0.82555556  0.82555556  0.82555556  0.82555556  0.82555556  0.82555556
  0.82555556  0.82555556  0.82555556  0.82555556  0.82555556  0.82555556
  0.82555556  0.82555556  0.82555556  0.82555556  0.82555556  0.82555556
  0.82555556  0.82555556  0.82555556  0.82555556]
----------test errors -------------
[ 0.95  0.95  0.95  0.95  0.95  0.95  0.86  0.86  0.86  0.86  0.86  0.86
  0.86  0.86  0.86  0.86  0.86  0.86  0.86  0.86  0.86  0.86  0.86  0.86
  0.86  0.86  0.86  0.86  0.86  0.86  0.86  0.86  0.86  0.86  0.86  0.86
  0.86  0.86  0.86  0.86  0.86  0.86  0.86  0.86  0.86  0.86  0.86  0.86
  0.86  0.86  0.86  0.86  0.86  0.86  0.86  0.86  0.86  0.86  0.86  0.86
  0.86  0.86  0.86  0.86  0.86  0.86  0.86  0.86  0.86  0.86  0.86  0.86
  0.86  0.86  0.86  0.86  0.86  0.86  0.86  0.86  0.86  0.86  0.86  0.86
  0.86  0.86  0.86  0.86  0.86  0.86  0.86  0.86  0.86  0.86  0.86  0.86
  0.86  0.86  0.86  0.86]
0.72
----------Adaboost errors -------------
----------training errors -------------
[ 0.89444444  0.89444444  0.89444444  0.82777778  0.82777778  0.82777778
  0.82777778  0.82777778  0.73888889  0.73888889  0.73888889  0.73888889
  0.73888889  0.73888889  0.73888889  0.73888889  0.73888889  0.73888889
  0.73888889  0.73888889  0.73888889  0.73888889  0.73888889  0.73888889
  0.73888889  0.73888889  0.73888889  0.73888889  0.73888889  0.73888889
  0.73888889  0.73888889  0.73888889  0.73888889  0.73888889  0.73888889
  0.73888889  0.73888889  0.73888889  0.73888889  0.73888889  0.73888889
  0.73888889  0.73888889  0.73888889  0.73888889  0.73888889  0.73888889
  0.73888889  0.73888889  0.73888889  0.73888889  0.73888889  0.73888889
  0.73888889  0.73888889  0.73888889  0.73888889  0.73888889  0.73888889
  0.73888889  0.73888889  0.73888889  0.73888889  0.73888889  0.73888889
  0.73888889  0.73888889  0.73888889  0.73888889  0.73888889  0.73888889
  0.73888889  0.73888889  0.73888889  0.73888889  0.73888889  0.73888889
  0.73888889  0.73888889  0.73888889  0.73888889  0.73888889  0.73888889
  0.73888889  0.73888889  0.73888889  0.73888889  0.76666667  0.76666667
  0.76666667  0.76666667  0.76666667  0.76666667  0.76666667  0.76666667
  0.76666667  0.76666667  0.76666667  0.76666667]
----------test errors -------------
[ 0.95  0.95  0.95  0.85  0.85  0.85  0.85  0.85  0.69  0.69  0.69  0.69
  0.69  0.69  0.69  0.69  0.69  0.69  0.69  0.69  0.69  0.69  0.69  0.69
  0.69  0.69  0.69  0.69  0.69  0.69  0.69  0.69  0.69  0.69  0.69  0.69
  0.69  0.69  0.69  0.69  0.69  0.69  0.69  0.69  0.69  0.69  0.69  0.69
  0.69  0.69  0.69  0.69  0.69  0.69  0.69  0.69  0.69  0.69  0.69  0.69
  0.69  0.69  0.69  0.69  0.69  0.69  0.69  0.69  0.69  0.69  0.69  0.69
  0.69  0.69  0.69  0.69  0.69  0.69  0.69  0.69  0.69  0.69  0.69  0.69
  0.69  0.69  0.69  0.69  0.72  0.72  0.72  0.72  0.72  0.72  0.72  0.72
  0.72  0.72  0.72  0.72]
0.74
----------Adaboost errors -------------
----------training errors -------------
[ 0.89333333  0.81111111  0.81111111  0.81111111  0.81111111  0.74777778
  0.74777778  0.74777778  0.74777778  0.74777778  0.74777778  0.74777778
  0.74777778  0.74777778  0.74777778  0.74777778  0.74777778  0.74777778
  0.74777778  0.74777778  0.74777778  0.74777778  0.74777778  0.74777778
  0.74777778  0.74777778  0.74777778  0.74777778  0.74777778  0.74777778
  0.74777778  0.74777778  0.74777778  0.74777778  0.74777778  0.74777778
  0.74777778  0.74777778  0.74777778  0.74777778  0.74777778  0.74777778
  0.74777778  0.74777778  0.74777778  0.74777778  0.74777778  0.74777778
  0.74777778  0.74777778  0.74777778  0.74777778  0.74777778  0.74777778
  0.74777778  0.74777778  0.74777778  0.74777778  0.74777778  0.74777778
  0.74777778  0.74777778  0.74777778  0.74777778  0.74777778  0.74777778
  0.74777778  0.74777778  0.74777778  0.74777778  0.74777778  0.74777778
  0.74777778  0.74777778  0.74777778  0.74777778  0.74777778  0.74777778
  0.74777778  0.74777778  0.74777778  0.74777778  0.74777778  0.74777778
  0.74777778  0.74777778  0.74777778  0.74777778  0.74777778  0.74777778
  0.74777778  0.74777778  0.74777778  0.74777778  0.74777778  0.74777778
  0.74777778  0.74777778  0.74777778  0.74777778]
----------test errors -------------
[ 0.96  0.87  0.87  0.87  0.87  0.74  0.74  0.74  0.74  0.74  0.74  0.74
  0.74  0.74  0.74  0.74  0.74  0.74  0.74  0.74  0.74  0.74  0.74  0.74
  0.74  0.74  0.74  0.74  0.74  0.74  0.74  0.74  0.74  0.74  0.74  0.74
  0.74  0.74  0.74  0.74  0.74  0.74  0.74  0.74  0.74  0.74  0.74  0.74
  0.74  0.74  0.74  0.74  0.74  0.74  0.74  0.74  0.74  0.74  0.74  0.74
  0.74  0.74  0.74  0.74  0.74  0.74  0.74  0.74  0.74  0.74  0.74  0.74
  0.74  0.74  0.74  0.74  0.74  0.74  0.74  0.74  0.74  0.74  0.74  0.74
  0.74  0.74  0.74  0.74  0.74  0.74  0.74  0.74  0.74  0.74  0.74  0.74
  0.74  0.74  0.74  0.74]
svmLin,mfcc
-6.71
